Group 1 (omitted pair: (0, 1)): 	[(2, 3, 4),(5, 7, 27),(6, 10, 13),(8, 11, 17),(9, 21, 29),(12, 18, 31),(14, 15, 24),(16, 19, 23),(20, 25, 28),(22, 26, 30)]
Group 2 (omitted pair: (0, 2)): 	[(1, 3, 31),(4, 24, 27),(5, 9, 11),(6, 25, 26),(7, 23, 30),(8, 20, 29),(10, 13, 21),(12, 16, 28),(14, 18, 22),(15, 17, 19)]
Group 3 (omitted pair: (0, 3)): 	[(1, 16, 29),(2, 9, 19),(4, 5, 8),(6, 17, 23),(7, 22, 30),(10, 13, 27),(11, 21, 25),(12, 24, 28),(14, 18, 31),(15, 20, 26)]
Group 4 (omitted pair: (0, 4)): 	[(1, 17, 24),(2, 12, 16),(3, 5, 25),(6, 20, 23),(7, 19, 27),(8, 10, 14),(9, 13, 30),(11, 18, 26),(15, 21, 28),(22, 29, 31)]
Group 5 (omitted pair: (0, 5)): 	[(1, 2, 18),(3, 7, 16),(4, 8, 22),(6, 11, 17),(9, 19, 28),(10, 15, 27),(12, 13, 30),(14, 25, 31),(20, 24, 29),(21, 23, 26)]
Group 6 (omitted pair: (0, 6)): 	[(1, 3, 28),(2, 7, 14),(4, 11, 13),(5, 19, 30),(8, 10, 27),(9, 12, 29),(15, 16, 17),(18, 21, 25),(20, 26, 31),(22, 23, 24)]
Group 7 (omitted pair: (0, 7)): 	[(1, 10, 30),(2, 5, 11),(3, 8, 19),(4, 20, 25),(6, 18, 26),(9, 21, 28),(12, 13, 23),(14, 17, 22),(15, 27, 31),(16, 24, 29)]
Group 8 (omitted pair: (0, 8)): 	[(1, 19, 25),(2, 4, 17),(3, 15, 18),(5, 23, 30),(6, 7, 10),(9, 11, 27),(12, 24, 31),(13, 14, 21),(16, 20, 29),(22, 26, 28)]
Group 9 (omitted pair: (0, 9)): 	[(1, 21, 29),(2, 7, 8),(3, 22, 24),(4, 10, 23),(5, 6, 17),(11, 19, 31),(12, 16, 18),(13, 25, 30),(14, 20, 26),(15, 27, 28)]
Group 10 (omitted pair: (0, 10)): 	[(1, 23, 28),(2, 4, 18),(3, 15, 21),(5, 13, 29),(6, 9, 31),(7, 22, 24),(8, 19, 20),(11, 27, 30),(12, 16, 26),(14, 17, 25)]
Group 11 (omitted pair: (0, 11)): 	[(1, 29, 30),(2, 12, 26),(3, 14, 23),(4, 7, 15),(5, 6, 28),(8, 16, 25),(9, 19, 22),(10, 18, 27),(13, 20, 21),(17, 24, 31)]
Group 12 (omitted pair: (0, 12)): 	[(1, 17, 30),(2, 9, 13),(3, 10, 11),(4, 7, 20),(5, 16, 18),(6, 21, 26),(8, 25, 27),(14, 23, 29),(15, 22, 31),(19, 24, 28)]
Group 13 (omitted pair: (0, 13)): 	[(1, 15, 29),(2, 4, 23),(3, 5, 6),(7, 24, 30),(8, 18, 19),(9, 10, 21),(11, 12, 31),(14, 26, 27),(16, 17, 28),(20, 22, 25)]
Group 14 (omitted pair: (0, 14)): 	[(1, 4, 19),(2, 17, 29),(3, 16, 21),(5, 10, 15),(6, 8, 22),(7, 25, 31),(9, 13, 26),(11, 24, 28),(12, 20, 30),(18, 23, 27)]
Group 15 (omitted pair: (0, 15)): 	[(1, 18, 31),(2, 16, 30),(3, 7, 25),(4, 17, 26),(5, 6, 8),(9, 23, 24),(10, 20, 27),(11, 12, 14),(13, 19, 28),(21, 22, 29)]
Group 16 (omitted pair: (0, 16)): 	[(1, 19, 22),(2, 13, 21),(3, 4, 5),(6, 14, 30),(7, 17, 27),(8, 10, 28),(9, 11, 31),(12, 15, 24),(18, 23, 26),(20, 25, 29)]
Group 17 (omitted pair: (0, 17)): 	[(1, 7, 12),(2, 23, 31),(3, 4, 26),(5, 13, 30),(6, 21, 25),(8, 11, 24),(9, 27, 29),(10, 14, 22),(15, 19, 20),(16, 18, 28)]
Group 18 (omitted pair: (0, 18)): 	[(1, 13, 17),(2, 4, 5),(3, 23, 29),(6, 11, 27),(7, 16, 28),(8, 25, 26),(9, 10, 19),(12, 21, 22),(14, 15, 20),(24, 30, 31)]
Group 19 (omitted pair: (0, 19)): 	[(1, 11, 26),(2, 29, 31),(3, 4, 7),(5, 14, 27),(6, 12, 28),(8, 16, 30),(9, 15, 23),(10, 17, 22),(13, 21, 24),(18, 20, 25)]
Group 20 (omitted pair: (0, 20)): 	[(1, 16, 18),(2, 3, 12),(4, 22, 30),(5, 15, 26),(6, 7, 13),(8, 9, 11),(10, 21, 25),(14, 17, 29),(19, 23, 28),(24, 27, 31)]
Group 21 (omitted pair: (0, 21)): 	[(1, 4, 15),(2, 7, 26),(3, 10, 27),(5, 16, 29),(6, 18, 20),(8, 19, 22),(9, 17, 25),(11, 24, 30),(12, 13, 14),(23, 28, 31)]
Group 22 (omitted pair: (0, 22)): 	[(1, 5, 7),(2, 21, 31),(3, 4, 14),(6, 15, 25),(8, 18, 30),(9, 11, 12),(10, 26, 27),(13, 17, 28),(16, 19, 20),(23, 24, 29)]
Group 23 (omitted pair: (0, 23)): 	[(1, 4, 30),(2, 14, 17),(3, 5, 18),(6, 22, 28),(7, 12, 20),(8, 26, 29),(9, 15, 16),(10, 24, 31),(11, 25, 27),(13, 19, 21)]
Group 24 (omitted pair: (0, 24)): 	[(1, 25, 31),(2, 5, 29),(3, 6, 13),(4, 19, 26),(7, 8, 10),(9, 15, 30),(11, 12, 23),(14, 16, 21),(17, 20, 22),(18, 27, 28)]
Group 25 (omitted pair: (0, 25)): 	[(1, 8, 17),(2, 6, 29),(3, 7, 30),(4, 9, 22),(5, 10, 26),(11, 19, 23),(12, 14, 27),(13, 20, 24),(15, 16, 28),(18, 21, 31)]
Group 26 (omitted pair: (0, 26)): 	[(1, 7, 19),(2, 4, 21),(3, 6, 22),(5, 10, 14),(8, 24, 25),(9, 11, 30),(12, 13, 15),(16, 20, 28),(17, 27, 31),(18, 23, 29)]
Group 27 (omitted pair: (0, 27)): 	[(1, 6, 29),(2, 7, 24),(3, 8, 16),(4, 12, 20),(5, 10, 25),(9, 15, 19),(11, 14, 28),(13, 21, 23),(17, 22, 30),(18, 26, 31)]
Group 28 (omitted pair: (0, 28)): 	[(1, 2, 13),(3, 5, 22),(4, 7, 21),(6, 24, 29),(8, 9, 18),(10, 12, 19),(11, 14, 27),(15, 20, 30),(16, 26, 31),(17, 23, 25)]
Group 29 (omitted pair: (0, 29)): 	[(1, 26, 28),(2, 10, 21),(3, 24, 31),(4, 9, 23),(5, 6, 15),(7, 8, 22),(11, 19, 30),(12, 16, 27),(13, 18, 25),(14, 17, 20)]
Group 30 (omitted pair: (0, 30)): 	[(1, 6, 23),(2, 27, 28),(3, 7, 11),(4, 29, 31),(5, 15, 22),(8, 18, 21),(9, 10, 26),(12, 13, 16),(14, 19, 20),(17, 24, 25)]
Group 31 (omitted pair: (0, 31)): 	[(1, 6, 20),(2, 13, 25),(3, 19, 26),(4, 11, 27),(5, 14, 22),(7, 8, 28),(9, 12, 15),(10, 17, 23),(16, 24, 30),(18, 21, 29)]
Group 32 (omitted pair: (1, 2)): 	[(0, 10, 13),(3, 9, 16),(4, 7, 8),(5, 17, 20),(6, 25, 30),(11, 22, 24),(12, 14, 21),(15, 28, 31),(18, 19, 26),(23, 27, 29)]
Group 33 (omitted pair: (1, 3)): 	[(0, 20, 27),(2, 10, 25),(4, 22, 24),(5, 12, 15),(6, 23, 31),(7, 21, 26),(8, 11, 18),(9, 13, 14),(16, 19, 28),(17, 29, 30)]
Group 34 (omitted pair: (1, 4)): 	[(0, 21, 26),(2, 5, 19),(3, 16, 20),(6, 27, 31),(7, 9, 29),(8, 11, 28),(10, 15, 18),(12, 24, 25),(13, 17, 22),(14, 23, 30)]
Group 35 (omitted pair: (1, 5)): 	[(0, 10, 30),(2, 17, 20),(3, 9, 19),(4, 22, 26),(6, 15, 31),(7, 8, 14),(11, 25, 28),(12, 24, 29),(13, 23, 27),(16, 18, 21)]
Group 36 (omitted pair: (1, 6)): 	[(0, 7, 25),(2, 4, 14),(3, 8, 17),(5, 22, 28),(9, 20, 24),(10, 26, 31),(11, 12, 29),(13, 21, 27),(15, 16, 23),(18, 19, 30)]
Group 37 (omitted pair: (1, 7)): 	[(0, 10, 18),(2, 13, 28),(3, 20, 25),(4, 12, 27),(5, 15, 31),(6, 14, 17),(8, 23, 29),(9, 21, 24),(11, 19, 22),(16, 26, 30)]
Group 38 (omitted pair: (1, 8)): 	[(0, 9, 22),(2, 18, 30),(3, 10, 17),(4, 24, 29),(5, 19, 20),(6, 21, 31),(7, 12, 28),(11, 14, 25),(13, 15, 16),(23, 26, 27)]
Group 39 (omitted pair: (1, 9)): 	[(0, 5, 6),(2, 3, 20),(4, 12, 25),(7, 16, 22),(8, 10, 24),(11, 27, 29),(13, 14, 26),(15, 19, 21),(17, 28, 31),(18, 23, 30)]
Group 40 (omitted pair: (1, 10)): 	[(0, 14, 23),(2, 4, 8),(3, 9, 20),(5, 29, 30),(6, 7, 24),(11, 13, 26),(12, 15, 21),(16, 25, 27),(17, 18, 19),(22, 28, 31)]
Group 41 (omitted pair: (1, 11)): 	[(0, 25, 27),(2, 7, 23),(3, 26, 31),(4, 12, 13),(5, 8, 10),(6, 18, 19),(9, 17, 24),(14, 28, 30),(15, 22, 29),(16, 20, 21)]
Group 42 (omitted pair: (1, 12)): 	[(0, 8, 27),(2, 25, 29),(3, 19, 23),(4, 28, 31),(5, 15, 24),(6, 7, 11),(9, 14, 20),(10, 18, 26),(13, 16, 30),(17, 21, 22)]
Group 43 (omitted pair: (1, 13)): 	[(0, 20, 31),(2, 10, 12),(3, 7, 21),(4, 6, 28),(5, 11, 14),(8, 23, 26),(9, 24, 27),(15, 18, 25),(16, 17, 30),(19, 22, 29)]
Group 44 (omitted pair: (1, 14)): 	[(0, 13, 31),(2, 15, 25),(3, 26, 27),(4, 7, 19),(5, 17, 23),(6, 18, 21),(8, 10, 11),(9, 20, 28),(12, 29, 30),(16, 22, 24)]
Group 45 (omitted pair: (1, 15)): 	[(0, 13, 27),(2, 7, 9),(3, 20, 21),(4, 18, 22),(5, 24, 29),(6, 25, 28),(8, 17, 19),(10, 14, 30),(11, 16, 31),(12, 23, 26)]
Group 46 (omitted pair: (1, 16)): 	[(0, 2, 3),(4, 5, 13),(6, 7, 14),(8, 19, 21),(9, 17, 29),(10, 12, 31),(11, 15, 18),(20, 23, 25),(22, 24, 28),(26, 27, 30)]
Group 47 (omitted pair: (1, 17)): 	[(0, 3, 19),(2, 11, 15),(4, 9, 14),(5, 6, 18),(7, 12, 22),(8, 29, 31),(10, 26, 30),(13, 16, 20),(21, 23, 28),(24, 25, 27)]
Group 48 (omitted pair: (1, 18)): 	[(0, 28, 30),(2, 11, 16),(3, 6, 23),(4, 9, 13),(5, 22, 25),(7, 15, 17),(8, 10, 29),(12, 14, 20),(19, 26, 27),(21, 24, 31)]
Group 49 (omitted pair: (1, 19)): 	[(0, 12, 31),(2, 10, 29),(3, 21, 24),(4, 7, 27),(5, 23, 25),(6, 9, 11),(8, 16, 18),(13, 28, 30),(14, 15, 17),(20, 22, 26)]
Group 50 (omitted pair: (1, 20)): 	[(0, 6, 14),(2, 5, 31),(3, 9, 27),(4, 7, 12),(8, 25, 28),(10, 16, 30),(11, 13, 18),(15, 17, 23),(19, 21, 26),(22, 24, 29)]
Group 51 (omitted pair: (1, 21)): 	[(0, 6, 25),(2, 16, 20),(3, 10, 14),(4, 19, 24),(5, 18, 31),(7, 29, 30),(8, 13, 22),(9, 12, 28),(11, 17, 27),(15, 23, 26)]
Group 52 (omitted pair: (1, 22)): 	[(0, 8, 11),(2, 21, 25),(3, 5, 16),(4, 6, 24),(7, 15, 26),(9, 12, 19),(10, 13, 14),(17, 18, 31),(20, 28, 29),(23, 27, 30)]
Group 53 (omitted pair: (1, 23)): 	[(0, 9, 20),(2, 16, 28),(3, 8, 13),(4, 17, 31),(5, 25, 27),(6, 12, 29),(7, 10, 19),(11, 14, 18),(15, 21, 30),(22, 24, 26)]
Group 54 (omitted pair: (1, 24)): 	[(0, 7, 15),(2, 12, 18),(3, 4, 10),(5, 17, 27),(6, 13, 23),(8, 21, 26),(9, 25, 28),(11, 16, 19),(14, 30, 31),(20, 22, 29)]
Group 55 (omitted pair: (1, 25)): 	[(0, 19, 29),(2, 8, 15),(3, 13, 26),(4, 17, 23),(5, 7, 18),(6, 12, 20),(9, 24, 30),(10, 11, 27),(14, 16, 31),(21, 22, 28)]
Group 56 (omitted pair: (1, 26)): 	[(0, 2, 6),(3, 12, 25),(4, 13, 16),(5, 17, 31),(7, 15, 30),(8, 23, 28),(9, 19, 24),(10, 18, 29),(11, 20, 27),(14, 21, 22)]
Group 57 (omitted pair: (1, 27)): 	[(0, 12, 22),(2, 15, 29),(3, 6, 30),(4, 24, 25),(5, 21, 28),(7, 8, 11),(9, 13, 16),(10, 17, 31),(14, 18, 20),(19, 23, 26)]
Group 58 (omitted pair: (1, 28)): 	[(0, 17, 27),(2, 8, 9),(3, 20, 24),(4, 11, 30),(5, 15, 21),(6, 10, 22),(7, 19, 29),(12, 14, 18),(13, 26, 31),(16, 23, 25)]
Group 59 (omitted pair: (1, 29)): 	[(0, 14, 24),(2, 4, 27),(3, 22, 30),(5, 16, 26),(6, 9, 17),(7, 13, 31),(8, 21, 23),(10, 15, 28),(11, 18, 25),(12, 19, 20)]
Group 60 (omitted pair: (1, 30)): 	[(0, 2, 4),(3, 22, 23),(5, 21, 31),(6, 18, 27),(7, 13, 20),(8, 9, 28),(10, 11, 14),(12, 15, 26),(16, 17, 24),(19, 25, 29)]
Group 61 (omitted pair: (1, 31)): 	[(0, 5, 29),(2, 11, 12),(3, 21, 28),(4, 14, 16),(6, 10, 15),(7, 9, 26),(8, 19, 24),(13, 17, 20),(18, 22, 27),(23, 25, 30)]
Group 62 (omitted pair: (2, 3)): 	[(0, 4, 9),(1, 18, 26),(5, 8, 17),(6, 14, 15),(7, 27, 30),(10, 19, 22),(11, 20, 23),(12, 29, 31),(13, 25, 28),(16, 21, 24)]
Group 63 (omitted pair: (2, 4)): 	[(0, 6, 9),(1, 8, 10),(3, 5, 23),(7, 15, 24),(11, 19, 21),(12, 17, 25),(13, 18, 26),(14, 16, 20),(22, 28, 30),(27, 29, 31)]
Group 64 (omitted pair: (2, 5)): 	[(0, 1, 11),(3, 17, 31),(4, 12, 28),(6, 14, 25),(7, 21, 22),(8, 19, 23),(9, 10, 29),(13, 18, 30),(15, 16, 27),(20, 24, 26)]
Group 65 (omitted pair: (2, 6)): 	[(0, 24, 26),(1, 22, 29),(3, 5, 8),(4, 15, 21),(7, 10, 20),(9, 11, 13),(12, 27, 30),(14, 19, 25),(16, 17, 31),(18, 23, 28)]
Group 66 (omitted pair: (2, 7)): 	[(0, 16, 28),(1, 15, 19),(3, 12, 29),(4, 17, 27),(5, 14, 25),(6, 11, 13),(8, 22, 23),(9, 18, 24),(10, 30, 31),(20, 21, 26)]
Group 67 (omitted pair: (2, 8)): 	[(0, 17, 24),(1, 19, 29),(3, 16, 23),(4, 20, 21),(5, 28, 31),(6, 7, 12),(9, 27, 30),(10, 13, 15),(11, 14, 26),(18, 22, 25)]
Group 68 (omitted pair: (2, 9)): 	[(0, 18, 31),(1, 12, 14),(3, 7, 27),(4, 19, 21),(5, 8, 13),(6, 15, 30),(10, 20, 22),(11, 24, 26),(16, 17, 23),(25, 28, 29)]
Group 69 (omitted pair: (2, 10)): 	[(0, 21, 30),(1, 14, 16),(3, 11, 23),(4, 13, 20),(5, 15, 29),(6, 22, 25),(7, 18, 27),(8, 12, 17),(9, 24, 26),(19, 28, 31)]
Group 70 (omitted pair: (2, 11)): 	[(0, 5, 23),(1, 7, 13),(3, 19, 30),(4, 20, 31),(6, 8, 15),(9, 16, 18),(10, 14, 25),(12, 17, 22),(21, 24, 27),(26, 28, 29)]
Group 71 (omitted pair: (2, 12)): 	[(0, 11, 31),(1, 4, 28),(3, 22, 25),(5, 20, 26),(6, 7, 23),(8, 18, 24),(9, 14, 30),(10, 13, 17),(15, 16, 21),(19, 27, 29)]
Group 72 (omitted pair: (2, 13)): 	[(0, 9, 12),(1, 4, 14),(3, 11, 27),(5, 19, 24),(6, 16, 21),(7, 20, 23),(8, 10, 18),(15, 30, 31),(17, 22, 28),(25, 26, 29)]
Group 73 (omitted pair: (2, 14)): 	[(0, 4, 16),(1, 27, 31),(3, 18, 24),(5, 6, 19),(7, 10, 15),(8, 9, 29),(11, 17, 23),(12, 13, 26),(20, 21, 30),(22, 25, 28)]
Group 74 (omitted pair: (2, 15)): 	[(0, 26, 28),(1, 3, 6),(4, 12, 16),(5, 9, 18),(7, 29, 31),(8, 14, 24),(10, 23, 30),(11, 21, 27),(13, 20, 22),(17, 19, 25)]
Group 75 (omitted pair: (2, 16)): 	[(0, 10, 26),(1, 3, 7),(4, 5, 28),(6, 24, 27),(8, 9, 30),(11, 18, 22),(12, 13, 21),(14, 20, 23),(15, 19, 25),(17, 29, 31)]
Group 76 (omitted pair: (2, 17)): 	[(0, 8, 23),(1, 10, 31),(3, 12, 30),(4, 5, 24),(6, 7, 26),(9, 19, 21),(11, 14, 20),(13, 18, 29),(15, 22, 27),(16, 25, 28)]
Group 77 (omitted pair: (2, 18)): 	[(0, 19, 30),(1, 24, 27),(3, 8, 12),(4, 5, 31),(6, 14, 22),(7, 17, 25),(9, 10, 13),(11, 20, 21),(15, 16, 26),(23, 28, 29)]
Group 78 (omitted pair: (2, 19)): 	[(0, 1, 14),(3, 7, 17),(4, 5, 20),(6, 23, 28),(8, 16, 31),(9, 22, 26),(10, 11, 25),(12, 18, 24),(13, 21, 30),(15, 27, 29)]
Group 79 (omitted pair: (2, 20)): 	[(0, 16, 18),(1, 27, 29),(3, 12, 17),(4, 9, 26),(5, 7, 25),(6, 13, 15),(8, 11, 23),(10, 21, 22),(14, 19, 30),(24, 28, 31)]
Group 80 (omitted pair: (2, 21)): 	[(0, 6, 12),(1, 7, 15),(3, 19, 31),(4, 10, 22),(5, 9, 24),(8, 11, 16),(13, 23, 26),(14, 20, 30),(17, 27, 28),(18, 25, 29)]
Group 81 (omitted pair: (2, 22)): 	[(0, 21, 31),(1, 3, 26),(4, 10, 15),(5, 14, 20),(6, 8, 9),(7, 12, 19),(11, 13, 23),(16, 25, 29),(17, 28, 30),(18, 24, 27)]
Group 82 (omitted pair: (2, 23)): 	[(0, 9, 30),(1, 3, 20),(4, 6, 18),(5, 16, 22),(7, 26, 31),(8, 13, 25),(10, 17, 27),(11, 12, 28),(14, 19, 21),(15, 24, 29)]
Group 83 (omitted pair: (2, 24)): 	[(0, 13, 21),(1, 7, 14),(3, 4, 30),(5, 9, 26),(6, 29, 31),(8, 15, 25),(10, 18, 19),(11, 22, 28),(12, 17, 23),(16, 20, 27)]
Group 84 (omitted pair: (2, 25)): 	[(0, 8, 16),(1, 4, 9),(3, 19, 27),(5, 10, 29),(6, 15, 26),(7, 13, 21),(11, 14, 22),(12, 17, 31),(18, 20, 24),(23, 28, 30)]
Group 85 (omitted pair: (2, 26)): 	[(0, 3, 29),(1, 4, 16),(5, 6, 9),(7, 20, 27),(8, 21, 31),(10, 15, 25),(11, 13, 24),(12, 17, 30),(14, 18, 23),(19, 22, 28)]
Group 86 (omitted pair: (2, 27)): 	[(0, 16, 19),(1, 6, 25),(3, 13, 31),(4, 5, 11),(7, 10, 12),(8, 14, 30),(9, 17, 20),(15, 23, 24),(18, 28, 29),(21, 22, 26)]
Group 87 (omitted pair: (2, 28)): 	[(0, 4, 7),(1, 6, 9),(3, 15, 25),(5, 14, 19),(8, 17, 31),(10, 21, 27),(11, 16, 26),(12, 20, 22),(13, 29, 30),(18, 23, 24)]
Group 88 (omitted pair: (2, 29)): 	[(0, 20, 25),(1, 4, 8),(3, 7, 13),(5, 14, 26),(6, 18, 23),(9, 15, 22),(10, 11, 12),(16, 19, 24),(17, 27, 30),(21, 28, 31)]
Group 89 (omitted pair: (2, 30)): 	[(0, 3, 9),(1, 6, 19),(4, 10, 26),(5, 14, 15),(7, 12, 29),(8, 16, 20),(11, 27, 28),(13, 18, 22),(17, 23, 31),(21, 24, 25)]
Group 90 (omitted pair: (2, 31)): 	[(0, 20, 22),(1, 8, 19),(3, 12, 23),(4, 10, 16),(5, 6, 14),(7, 28, 30),(9, 11, 17),(13, 25, 26),(15, 21, 24),(18, 27, 29)]
Group 91 (omitted pair: (3, 4)): 	[(0, 2, 9),(1, 16, 17),(5, 23, 27),(6, 18, 22),(7, 10, 30),(8, 25, 29),(11, 19, 20),(12, 15, 28),(13, 21, 31),(14, 24, 26)]
Group 92 (omitted pair: (3, 5)): 	[(0, 13, 22),(1, 15, 26),(2, 14, 27),(4, 6, 29),(7, 12, 23),(8, 9, 17),(10, 19, 28),(11, 18, 24),(16, 21, 31),(20, 25, 30)]
Group 93 (omitted pair: (3, 6)): 	[(0, 18, 28),(1, 2, 31),(4, 21, 30),(5, 17, 25),(7, 8, 9),(10, 14, 26),(11, 19, 24),(12, 13, 29),(15, 16, 22),(20, 23, 27)]
Group 94 (omitted pair: (3, 7)): 	[(0, 1, 24),(2, 14, 20),(4, 13, 28),(5, 8, 29),(6, 16, 23),(9, 21, 31),(10, 11, 30),(12, 19, 26),(15, 22, 25),(17, 18, 27)]
Group 95 (omitted pair: (3, 8)): 	[(0, 6, 7),(1, 2, 5),(4, 15, 25),(9, 14, 17),(10, 18, 23),(11, 19, 28),(12, 21, 29),(13, 22, 24),(16, 30, 31),(20, 26, 27)]
Group 96 (omitted pair: (3, 9)): 	[(0, 1, 18),(2, 19, 28),(4, 10, 17),(5, 8, 22),(6, 14, 21),(7, 13, 15),(11, 25, 30),(12, 26, 29),(16, 20, 24),(23, 27, 31)]
Group 97 (omitted pair: (3, 10)): 	[(0, 5, 9),(1, 13, 15),(2, 28, 30),(4, 16, 29),(6, 21, 27),(7, 24, 25),(8, 11, 22),(12, 14, 23),(17, 26, 31),(18, 19, 20)]
Group 98 (omitted pair: (3, 11)): 	[(0, 1, 27),(2, 4, 25),(5, 6, 24),(7, 22, 28),(8, 21, 29),(9, 12, 13),(10, 20, 31),(14, 16, 30),(15, 18, 19),(17, 23, 26)]
Group 99 (omitted pair: (3, 12)): 	[(0, 14, 22),(1, 20, 21),(2, 6, 17),(4, 23, 24),(5, 25, 30),(7, 10, 26),(8, 13, 27),(9, 11, 28),(15, 16, 19),(18, 29, 31)]
Group 100 (omitted pair: (3, 13)): 	[(0, 21, 24),(1, 12, 30),(2, 14, 25),(4, 22, 31),(5, 17, 26),(6, 8, 18),(7, 9, 19),(10, 27, 28),(11, 15, 20),(16, 23, 29)]
Group 101 (omitted pair: (3, 14)): 	[(0, 29, 30),(1, 21, 24),(2, 26, 31),(4, 6, 7),(5, 15, 20),(8, 17, 18),(9, 12, 27),(10, 11, 19),(13, 22, 25),(16, 23, 28)]
Group 102 (omitted pair: (3, 15)): 	[(0, 19, 23),(1, 7, 28),(2, 6, 13),(4, 9, 24),(5, 16, 20),(8, 17, 22),(10, 12, 26),(11, 30, 31),(14, 21, 29),(18, 25, 27)]
Group 103 (omitted pair: (3, 16)): 	[(0, 22, 24),(1, 21, 31),(2, 17, 25),(4, 18, 26),(5, 6, 10),(7, 9, 12),(8, 11, 13),(14, 27, 30),(15, 20, 23),(19, 28, 29)]
Group 104 (omitted pair: (3, 17)): 	[(0, 16, 25),(1, 10, 22),(2, 6, 7),(4, 13, 18),(5, 11, 20),(8, 14, 19),(9, 23, 31),(12, 15, 30),(21, 24, 28),(26, 27, 29)]
Group 105 (omitted pair: (3, 18)): 	[(0, 15, 19),(1, 9, 13),(2, 7, 27),(4, 11, 22),(5, 30, 31),(6, 8, 14),(10, 28, 29),(12, 17, 20),(16, 21, 23),(24, 25, 26)]
Group 106 (omitted pair: (3, 19)): 	[(0, 5, 28),(1, 13, 24),(2, 27, 30),(4, 10, 21),(6, 26, 31),(7, 15, 18),(8, 9, 23),(11, 12, 20),(14, 22, 29),(16, 17, 25)]
Group 107 (omitted pair: (3, 20)): 	[(0, 11, 19),(1, 13, 31),(2, 6, 22),(4, 7, 14),(5, 8, 9),(10, 23, 26),(12, 17, 24),(15, 25, 29),(16, 18, 27),(21, 28, 30)]
Group 108 (omitted pair: (3, 21)): 	[(0, 2, 8),(1, 15, 16),(4, 13, 24),(5, 18, 20),(6, 9, 12),(7, 27, 29),(10, 11, 17),(14, 22, 26),(19, 28, 30),(23, 25, 31)]
Group 109 (omitted pair: (3, 22)): 	[(0, 4, 14),(1, 17, 18),(2, 9, 26),(5, 10, 21),(6, 13, 24),(7, 27, 31),(8, 23, 30),(11, 28, 29),(12, 15, 20),(16, 19, 25)]
Group 110 (omitted pair: (3, 23)): 	[(0, 24, 27),(1, 4, 20),(2, 9, 14),(5, 6, 30),(7, 10, 17),(8, 13, 29),(11, 15, 19),(12, 25, 31),(16, 18, 22),(21, 26, 28)]
Group 111 (omitted pair: (3, 24)): 	[(0, 12, 21),(1, 4, 17),(2, 10, 26),(5, 11, 15),(6, 9, 14),(7, 16, 20),(8, 19, 27),(13, 18, 23),(22, 29, 30),(25, 28, 31)]
Group 112 (omitted pair: (3, 25)): 	[(0, 5, 19),(1, 7, 29),(2, 15, 24),(4, 14, 26),(6, 8, 11),(9, 20, 31),(10, 16, 23),(12, 21, 27),(13, 17, 30),(18, 22, 28)]
Group 113 (omitted pair: (3, 26)): 	[(0, 6, 15),(1, 14, 24),(2, 13, 29),(4, 23, 31),(5, 9, 22),(7, 20, 28),(8, 25, 30),(10, 12, 27),(11, 18, 21),(16, 17, 19)]
Group 114 (omitted pair: (3, 27)): 	[(0, 19, 22),(1, 4, 11),(2, 20, 24),(5, 7, 17),(6, 10, 29),(8, 28, 31),(9, 14, 25),(12, 23, 30),(13, 15, 21),(16, 18, 26)]
Group 115 (omitted pair: (3, 28)): 	[(0, 5, 22),(1, 11, 23),(2, 15, 16),(4, 6, 31),(7, 12, 27),(8, 19, 30),(9, 10, 14),(13, 17, 24),(18, 20, 29),(21, 25, 26)]
Group 116 (omitted pair: (3, 29)): 	[(0, 22, 27),(1, 5, 17),(2, 7, 10),(4, 16, 23),(6, 15, 18),(8, 26, 28),(9, 21, 25),(11, 13, 20),(12, 30, 31),(14, 19, 24)]
Group 117 (omitted pair: (3, 30)): 	[(0, 12, 25),(1, 7, 22),(2, 8, 18),(4, 26, 29),(5, 20, 23),(6, 9, 10),(11, 16, 28),(13, 15, 17),(14, 21, 27),(19, 24, 31)]
Group 118 (omitted pair: (3, 31)): 	[(0, 10, 20),(1, 14, 22),(2, 16, 23),(4, 25, 28),(5, 8, 21),(6, 12, 26),(7, 9, 11),(13, 15, 29),(17, 19, 24),(18, 27, 30)]
Group 119 (omitted pair: (4, 5)): 	[(0, 10, 17),(1, 25, 30),(2, 8, 23),(3, 6, 20),(7, 13, 19),(9, 26, 28),(11, 14, 16),(12, 15, 22),(18, 24, 29),(21, 27, 31)]
Group 120 (omitted pair: (4, 6)): 	[(0, 3, 16),(1, 7, 9),(2, 17, 24),(5, 15, 30),(8, 10, 21),(11, 12, 19),(13, 29, 31),(14, 25, 27),(18, 20, 28),(22, 23, 26)]
Group 121 (omitted pair: (4, 7)): 	[(0, 16, 27),(1, 10, 25),(2, 6, 12),(3, 15, 22),(5, 18, 23),(8, 9, 13),(11, 28, 31),(14, 24, 30),(17, 19, 20),(21, 26, 29)]
Group 122 (omitted pair: (4, 8)): 	[(0, 14, 31),(1, 15, 28),(2, 5, 23),(3, 19, 21),(6, 10, 24),(7, 16, 30),(9, 20, 22),(11, 13, 25),(12, 27, 29),(17, 18, 26)]
Group 123 (omitted pair: (4, 9)): 	[(0, 6, 16),(1, 17, 20),(2, 3, 11),(5, 10, 31),(7, 13, 22),(8, 12, 25),(14, 29, 30),(15, 19, 27),(18, 21, 28),(23, 24, 26)]
Group 124 (omitted pair: (4, 10)): 	[(0, 1, 19),(2, 8, 22),(3, 13, 20),(5, 16, 24),(6, 12, 27),(7, 11, 28),(9, 15, 25),(14, 26, 31),(17, 18, 23),(21, 29, 30)]
Group 125 (omitted pair: (4, 11)): 	[(0, 16, 21),(1, 23, 26),(2, 8, 28),(3, 17, 30),(5, 13, 18),(6, 10, 25),(7, 14, 20),(9, 12, 22),(15, 29, 31),(19, 24, 27)]
Group 126 (omitted pair: (4, 12)): 	[(0, 18, 26),(1, 8, 16),(2, 3, 19),(5, 14, 24),(6, 13, 31),(7, 11, 22),(9, 27, 28),(10, 21, 29),(15, 25, 30),(17, 20, 23)]
Group 127 (omitted pair: (4, 13)): 	[(0, 8, 25),(1, 30, 31),(2, 24, 27),(3, 14, 20),(5, 6, 21),(7, 10, 11),(9, 12, 18),(15, 19, 22),(16, 26, 28),(17, 23, 29)]
Group 128 (omitted pair: (4, 14)): 	[(0, 10, 11),(1, 19, 26),(2, 12, 27),(3, 9, 15),(5, 23, 24),(6, 25, 29),(7, 16, 21),(8, 28, 30),(13, 20, 31),(17, 18, 22)]
Group 129 (omitted pair: (4, 15)): 	[(0, 11, 21),(1, 7, 10),(2, 13, 27),(3, 6, 24),(5, 19, 29),(8, 14, 23),(9, 18, 20),(12, 25, 30),(16, 17, 22),(26, 28, 31)]
Group 130 (omitted pair: (4, 16)): 	[(0, 3, 8),(1, 13, 30),(2, 5, 28),(6, 9, 23),(7, 21, 25),(10, 27, 29),(11, 14, 24),(12, 22, 31),(15, 17, 18),(19, 20, 26)]
Group 131 (omitted pair: (4, 17)): 	[(0, 6, 11),(1, 13, 19),(2, 5, 16),(3, 9, 30),(7, 14, 31),(8, 21, 25),(10, 22, 26),(12, 23, 29),(15, 18, 27),(20, 24, 28)]
Group 132 (omitted pair: (4, 18)): 	[(0, 7, 10),(1, 3, 23),(2, 5, 15),(6, 17, 22),(8, 13, 16),(9, 21, 27),(11, 14, 19),(12, 24, 26),(20, 28, 30),(25, 29, 31)]
Group 133 (omitted pair: (4, 19)): 	[(0, 6, 10),(1, 12, 31),(2, 3, 9),(5, 17, 29),(7, 27, 28),(8, 13, 30),(11, 23, 26),(14, 24, 25),(15, 21, 22),(16, 18, 20)]
Group 134 (omitted pair: (4, 20)): 	[(0, 8, 12),(1, 7, 11),(2, 24, 28),(3, 6, 14),(5, 10, 23),(9, 26, 27),(13, 22, 29),(15, 16, 31),(17, 18, 25),(19, 21, 30)]
Group 135 (omitted pair: (4, 21)): 	[(0, 2, 29),(1, 5, 9),(3, 8, 23),(6, 11, 16),(7, 17, 19),(10, 14, 18),(12, 22, 24),(13, 15, 31),(20, 25, 26),(27, 28, 30)]
Group 136 (omitted pair: (4, 22)): 	[(0, 3, 6),(1, 21, 28),(2, 5, 12),(7, 8, 25),(9, 11, 20),(10, 15, 23),(13, 16, 19),(14, 18, 24),(17, 26, 27),(29, 30, 31)]
Group 137 (omitted pair: (4, 23)): 	[(0, 2, 14),(1, 13, 27),(3, 6, 19),(5, 20, 22),(7, 28, 31),(8, 12, 18),(9, 24, 25),(10, 17, 29),(11, 15, 30),(16, 21, 26)]
Group 138 (omitted pair: (4, 24)): 	[(0, 8, 21),(1, 5, 23),(2, 18, 25),(3, 9, 26),(6, 13, 29),(7, 19, 22),(10, 14, 20),(11, 28, 30),(12, 15, 31),(16, 17, 27)]
Group 139 (omitted pair: (4, 25)): 	[(0, 12, 30),(1, 10, 20),(2, 8, 29),(3, 13, 23),(5, 15, 28),(6, 16, 27),(7, 17, 18),(9, 11, 22),(14, 21, 24),(19, 26, 31)]
Group 140 (omitted pair: (4, 26)): 	[(0, 7, 12),(1, 5, 22),(2, 9, 30),(3, 18, 28),(6, 17, 24),(8, 14, 21),(10, 20, 29),(11, 15, 25),(13, 16, 31),(19, 23, 27)]
Group 141 (omitted pair: (4, 27)): 	[(0, 8, 20),(1, 18, 22),(2, 5, 6),(3, 15, 28),(7, 10, 21),(9, 24, 29),(11, 16, 17),(12, 23, 31),(13, 19, 25),(14, 26, 30)]
Group 142 (omitted pair: (4, 28)): 	[(0, 3, 22),(1, 6, 17),(2, 5, 9),(7, 12, 14),(8, 15, 20),(10, 19, 23),(11, 16, 29),(13, 18, 27),(21, 26, 31),(24, 25, 30)]
Group 143 (omitted pair: (4, 29)): 	[(0, 18, 19),(1, 3, 9),(2, 21, 22),(5, 25, 26),(6, 20, 30),(7, 17, 24),(8, 16, 23),(10, 12, 14),(11, 13, 15),(27, 28, 31)]
Group 144 (omitted pair: (4, 30)): 	[(0, 10, 28),(1, 17, 25),(2, 13, 23),(3, 14, 29),(5, 22, 27),(6, 16, 18),(7, 12, 15),(8, 9, 26),(11, 20, 24),(19, 21, 31)]
Group 145 (omitted pair: (4, 31)): 	[(0, 12, 29),(1, 25, 28),(2, 17, 26),(3, 14, 15),(5, 7, 10),(6, 19, 30),(8, 13, 24),(9, 16, 27),(11, 20, 22),(18, 21, 23)]
Group 146 (omitted pair: (5, 6)): 	[(0, 11, 23),(1, 16, 28),(2, 8, 21),(3, 7, 20),(4, 14, 24),(9, 18, 22),(10, 29, 31),(12, 25, 26),(13, 15, 30),(17, 19, 27)]
Group 147 (omitted pair: (5, 7)): 	[(0, 12, 23),(1, 21, 22),(2, 11, 19),(3, 4, 20),(6, 17, 18),(8, 14, 15),(9, 13, 29),(10, 16, 24),(25, 30, 31),(26, 27, 28)]
Group 148 (omitted pair: (5, 8)): 	[(0, 15, 18),(1, 2, 25),(3, 11, 20),(4, 13, 23),(6, 10, 16),(7, 21, 31),(9, 17, 26),(12, 14, 28),(19, 22, 24),(27, 29, 30)]
Group 149 (omitted pair: (5, 9)): 	[(0, 6, 23),(1, 16, 21),(2, 7, 18),(3, 14, 19),(4, 12, 26),(8, 20, 31),(10, 13, 28),(11, 22, 25),(15, 29, 30),(17, 24, 27)]
Group 150 (omitted pair: (5, 10)): 	[(0, 15, 17),(1, 26, 29),(2, 8, 30),(3, 11, 31),(4, 22, 25),(6, 9, 27),(7, 14, 24),(12, 21, 28),(13, 20, 23),(16, 18, 19)]
Group 151 (omitted pair: (5, 11)): 	[(0, 22, 28),(1, 24, 29),(2, 10, 14),(3, 17, 19),(4, 21, 25),(6, 7, 27),(8, 18, 31),(9, 15, 26),(12, 16, 23),(13, 20, 30)]
Group 152 (omitted pair: (5, 12)): 	[(0, 30, 31),(1, 10, 24),(2, 3, 13),(4, 18, 19),(6, 11, 23),(7, 15, 21),(8, 16, 28),(9, 14, 22),(17, 26, 29),(20, 25, 27)]
Group 153 (omitted pair: (5, 13)): 	[(0, 6, 28),(1, 11, 17),(2, 29, 30),(3, 21, 26),(4, 15, 19),(7, 10, 14),(8, 12, 23),(9, 22, 27),(16, 24, 25),(18, 20, 31)]
Group 154 (omitted pair: (5, 14)): 	[(0, 8, 24),(1, 13, 16),(2, 21, 23),(3, 11, 22),(4, 25, 26),(6, 19, 29),(7, 12, 17),(9, 15, 27),(10, 18, 20),(28, 30, 31)]
Group 155 (omitted pair: (5, 15)): 	[(0, 10, 14),(1, 18, 29),(2, 22, 26),(3, 23, 24),(4, 7, 16),(6, 28, 31),(8, 21, 30),(9, 13, 19),(11, 12, 25),(17, 20, 27)]
Group 156 (omitted pair: (5, 16)): 	[(0, 9, 15),(1, 17, 26),(2, 11, 30),(3, 25, 29),(4, 13, 14),(6, 10, 28),(7, 18, 23),(8, 12, 21),(19, 22, 31),(20, 24, 27)]
Group 157 (omitted pair: (5, 17)): 	[(0, 1, 30),(2, 28, 31),(3, 16, 24),(4, 10, 13),(6, 25, 27),(7, 14, 18),(8, 20, 21),(9, 23, 26),(11, 12, 22),(15, 19, 29)]
Group 158 (omitted pair: (5, 18)): 	[(0, 6, 30),(1, 3, 16),(2, 8, 27),(4, 7, 11),(9, 29, 31),(10, 24, 25),(12, 22, 28),(13, 15, 19),(14, 23, 26),(17, 20, 21)]
Group 159 (omitted pair: (5, 19)): 	[(0, 4, 21),(1, 26, 31),(2, 23, 30),(3, 16, 22),(6, 10, 17),(7, 11, 18),(8, 14, 29),(9, 24, 28),(12, 15, 27),(13, 20, 25)]
Group 160 (omitted pair: (5, 20)): 	[(0, 12, 28),(1, 21, 23),(2, 13, 17),(3, 6, 27),(4, 8, 15),(7, 24, 31),(9, 18, 25),(10, 14, 16),(11, 22, 26),(19, 29, 30)]
Group 161 (omitted pair: (5, 21)): 	[(0, 25, 31),(1, 9, 20),(2, 7, 16),(3, 6, 11),(4, 12, 17),(8, 13, 18),(10, 24, 26),(14, 23, 27),(15, 28, 29),(19, 22, 30)]
Group 162 (omitted pair: (5, 22)): 	[(0, 21, 25),(1, 16, 27),(2, 6, 10),(3, 14, 24),(4, 12, 29),(7, 9, 13),(8, 17, 28),(11, 18, 31),(15, 19, 30),(20, 23, 26)]
Group 163 (omitted pair: (5, 23)): 	[(0, 7, 13),(1, 15, 31),(2, 4, 11),(3, 17, 26),(6, 8, 10),(9, 19, 27),(12, 25, 29),(14, 20, 24),(16, 28, 30),(18, 21, 22)]
Group 164 (omitted pair: (5, 24)): 	[(0, 8, 31),(1, 3, 11),(2, 10, 30),(4, 18, 20),(6, 16, 25),(7, 14, 29),(9, 13, 22),(12, 15, 19),(17, 21, 27),(23, 26, 28)]
Group 165 (omitted pair: (5, 25)): 	[(0, 15, 21),(1, 22, 30),(2, 7, 17),(3, 10, 18),(4, 14, 28),(6, 23, 27),(8, 19, 26),(9, 13, 31),(11, 20, 29),(12, 16, 24)]
Group 166 (omitted pair: (5, 26)): 	[(0, 8, 14),(1, 18, 27),(2, 17, 21),(3, 4, 22),(6, 12, 24),(7, 15, 23),(9, 11, 19),(10, 13, 20),(16, 25, 31),(28, 29, 30)]
Group 167 (omitted pair: (5, 27)): 	[(0, 20, 28),(1, 24, 30),(2, 4, 22),(3, 15, 16),(6, 13, 14),(7, 18, 21),(8, 12, 26),(9, 19, 23),(10, 11, 31),(17, 25, 29)]
Group 168 (omitted pair: (5, 28)): 	[(0, 23, 26),(1, 18, 24),(2, 8, 17),(3, 10, 15),(4, 14, 29),(6, 9, 19),(7, 11, 21),(12, 20, 31),(13, 27, 30),(16, 22, 25)]
Group 169 (omitted pair: (5, 29)): 	[(0, 12, 17),(1, 11, 18),(2, 20, 27),(3, 19, 22),(4, 8, 10),(6, 24, 31),(7, 23, 26),(9, 16, 28),(13, 21, 25),(14, 15, 30)]
Group 170 (omitted pair: (5, 30)): 	[(0, 19, 21),(1, 4, 23),(2, 18, 31),(3, 11, 13),(6, 9, 16),(7, 8, 27),(10, 24, 28),(12, 14, 25),(15, 17, 20),(22, 26, 29)]
Group 171 (omitted pair: (5, 31)): 	[(0, 15, 20),(1, 2, 6),(3, 14, 18),(4, 17, 22),(7, 11, 12),(8, 10, 25),(9, 26, 30),(13, 24, 29),(16, 19, 21),(23, 27, 28)]
Group 172 (omitted pair: (6, 7)): 	[(0, 8, 15),(1, 13, 22),(2, 17, 30),(3, 24, 26),(4, 12, 31),(5, 18, 28),(9, 11, 21),(10, 25, 29),(14, 16, 27),(19, 20, 23)]
Group 173 (omitted pair: (6, 8)): 	[(0, 14, 15),(1, 7, 16),(2, 5, 18),(3, 28, 29),(4, 26, 31),(9, 20, 23),(10, 24, 27),(11, 21, 30),(12, 22, 25),(13, 17, 19)]
Group 174 (omitted pair: (6, 9)): 	[(0, 2, 26),(1, 12, 18),(3, 20, 27),(4, 14, 25),(5, 10, 22),(7, 11, 31),(8, 13, 15),(16, 24, 28),(17, 19, 29),(21, 23, 30)]
Group 175 (omitted pair: (6, 10)): 	[(0, 9, 21),(1, 11, 14),(2, 24, 31),(3, 16, 17),(4, 8, 28),(5, 7, 12),(13, 26, 29),(15, 25, 27),(18, 19, 22),(20, 23, 30)]
Group 176 (omitted pair: (6, 11)): 	[(0, 13, 17),(1, 9, 30),(2, 12, 15),(3, 7, 28),(4, 14, 21),(5, 22, 31),(8, 19, 29),(10, 23, 24),(16, 25, 26),(18, 20, 27)]
Group 177 (omitted pair: (6, 12)): 	[(0, 28, 31),(1, 5, 10),(2, 16, 17),(3, 13, 14),(4, 21, 22),(7, 8, 15),(9, 23, 30),(11, 24, 25),(18, 26, 29),(19, 20, 27)]
Group 178 (omitted pair: (6, 13)): 	[(0, 14, 21),(1, 3, 15),(2, 25, 31),(4, 16, 27),(5, 18, 24),(7, 17, 23),(8, 12, 22),(9, 28, 29),(10, 11, 26),(19, 20, 30)]
Group 179 (omitted pair: (6, 14)): 	[(0, 4, 19),(1, 3, 29),(2, 11, 13),(5, 21, 22),(7, 8, 20),(9, 10, 17),(12, 23, 28),(15, 26, 30),(16, 18, 24),(25, 27, 31)]
Group 180 (omitted pair: (6, 15)): 	[(0, 17, 23),(1, 7, 31),(2, 20, 28),(3, 12, 13),(4, 8, 18),(5, 11, 22),(9, 25, 29),(10, 19, 27),(14, 21, 30),(16, 24, 26)]
Group 181 (omitted pair: (6, 16)): 	[(0, 2, 24),(1, 28, 30),(3, 14, 22),(4, 18, 21),(5, 15, 19),(7, 11, 29),(8, 12, 27),(9, 25, 31),(10, 13, 23),(17, 20, 26)]
Group 182 (omitted pair: (6, 17)): 	[(0, 5, 25),(1, 14, 29),(2, 13, 31),(3, 10, 22),(4, 8, 23),(7, 18, 28),(9, 16, 20),(11, 12, 26),(15, 21, 27),(19, 24, 30)]
Group 183 (omitted pair: (6, 18)): 	[(0, 5, 24),(1, 16, 19),(2, 3, 8),(4, 10, 12),(7, 22, 23),(9, 17, 27),(11, 26, 29),(13, 14, 20),(15, 21, 31),(25, 28, 30)]
Group 184 (omitted pair: (6, 19)): 	[(0, 2, 15),(1, 17, 27),(3, 5, 14),(4, 16, 24),(7, 21, 29),(8, 23, 25),(9, 10, 11),(12, 20, 26),(13, 18, 28),(22, 30, 31)]
Group 185 (omitted pair: (6, 20)): 	[(0, 19, 28),(1, 11, 15),(2, 21, 27),(3, 10, 29),(4, 8, 26),(5, 24, 25),(7, 9, 14),(12, 18, 22),(13, 16, 23),(17, 30, 31)]
Group 186 (omitted pair: (6, 21)): 	[(0, 1, 22),(2, 13, 18),(3, 5, 20),(4, 14, 15),(7, 19, 31),(8, 17, 29),(9, 10, 24),(11, 26, 27),(12, 16, 30),(23, 25, 28)]
Group 187 (omitted pair: (6, 22)): 	[(0, 8, 29),(1, 20, 31),(2, 9, 12),(3, 26, 30),(4, 18, 28),(5, 10, 13),(7, 23, 27),(11, 17, 21),(14, 15, 16),(19, 24, 25)]
Group 188 (omitted pair: (6, 23)): 	[(0, 12, 20),(1, 11, 30),(2, 8, 14),(3, 5, 19),(4, 7, 18),(9, 24, 31),(10, 22, 29),(13, 16, 27),(15, 21, 25),(17, 26, 28)]
Group 189 (omitted pair: (6, 24)): 	[(0, 7, 14),(1, 10, 28),(2, 16, 19),(3, 17, 21),(4, 8, 11),(5, 13, 15),(9, 27, 31),(12, 26, 30),(18, 20, 22),(23, 25, 29)]
Group 190 (omitted pair: (6, 25)): 	[(0, 3, 13),(1, 7, 21),(2, 10, 28),(4, 9, 27),(5, 12, 18),(8, 16, 26),(11, 29, 30),(14, 20, 31),(15, 22, 24),(17, 19, 23)]
Group 191 (omitted pair: (6, 26)): 	[(0, 4, 20),(1, 16, 24),(2, 8, 10),(3, 14, 28),(5, 21, 30),(7, 23, 29),(9, 18, 27),(11, 12, 13),(15, 25, 31),(17, 19, 22)]
Group 192 (omitted pair: (6, 27)): 	[(0, 18, 25),(1, 4, 26),(2, 9, 15),(3, 19, 24),(5, 16, 28),(7, 8, 23),(10, 12, 13),(11, 14, 17),(20, 22, 30),(21, 29, 31)]
Group 193 (omitted pair: (6, 28)): 	[(0, 7, 26),(1, 3, 27),(2, 19, 22),(4, 17, 20),(5, 11, 18),(8, 9, 12),(10, 29, 30),(13, 14, 24),(15, 23, 31),(16, 21, 25)]
Group 194 (omitted pair: (6, 29)): 	[(0, 19, 20),(1, 9, 14),(2, 3, 10),(4, 24, 31),(5, 11, 28),(7, 8, 21),(12, 13, 18),(15, 22, 26),(16, 25, 30),(17, 23, 27)]
Group 195 (omitted pair: (6, 30)): 	[(0, 14, 16),(1, 12, 28),(2, 19, 20),(3, 5, 10),(4, 15, 29),(7, 23, 25),(8, 22, 27),(9, 11, 26),(13, 17, 21),(18, 24, 31)]
Group 196 (omitted pair: (6, 31)): 	[(0, 2, 19),(1, 3, 24),(4, 23, 29),(5, 14, 21),(7, 9, 18),(8, 16, 22),(10, 20, 25),(11, 26, 28),(12, 13, 17),(15, 27, 30)]
Group 197 (omitted pair: (7, 8)): 	[(0, 24, 29),(1, 3, 21),(2, 10, 22),(4, 5, 30),(6, 12, 25),(9, 17, 28),(11, 23, 31),(13, 20, 26),(14, 15, 18),(16, 19, 27)]
Group 198 (omitted pair: (7, 9)): 	[(0, 12, 15),(1, 8, 26),(2, 22, 27),(3, 5, 31),(4, 11, 17),(6, 21, 28),(10, 19, 20),(13, 14, 25),(16, 18, 23),(24, 29, 30)]
Group 199 (omitted pair: (7, 10)): 	[(0, 24, 25),(1, 4, 29),(2, 8, 16),(3, 15, 31),(5, 9, 19),(6, 13, 21),(11, 17, 26),(12, 20, 27),(14, 22, 23),(18, 28, 30)]
Group 200 (omitted pair: (7, 11)): 	[(0, 15, 26),(1, 9, 16),(2, 19, 31),(3, 17, 25),(4, 6, 13),(5, 20, 24),(8, 21, 27),(10, 28, 30),(12, 22, 23),(14, 18, 29)]
Group 201 (omitted pair: (7, 12)): 	[(0, 15, 16),(1, 6, 26),(2, 4, 10),(3, 29, 31),(5, 17, 18),(8, 9, 19),(11, 20, 30),(13, 24, 25),(14, 22, 28),(21, 23, 27)]
Group 202 (omitted pair: (7, 13)): 	[(0, 12, 14),(1, 10, 21),(2, 18, 28),(3, 4, 15),(5, 22, 30),(6, 8, 17),(9, 16, 19),(11, 23, 29),(20, 24, 31),(25, 26, 27)]
Group 203 (omitted pair: (7, 14)): 	[(0, 4, 31),(1, 11, 19),(2, 3, 27),(5, 12, 17),(6, 9, 20),(8, 22, 25),(10, 21, 24),(13, 16, 28),(15, 18, 26),(23, 29, 30)]
Group 204 (omitted pair: (7, 15)): 	[(0, 2, 31),(1, 4, 13),(3, 14, 21),(5, 9, 16),(6, 8, 27),(10, 12, 17),(11, 26, 30),(18, 22, 29),(19, 20, 25),(23, 24, 28)]
Group 205 (omitted pair: (7, 16)): 	[(0, 5, 10),(1, 9, 28),(2, 26, 29),(3, 8, 20),(4, 12, 18),(6, 23, 24),(11, 15, 17),(13, 30, 31),(14, 22, 27),(19, 21, 25)]
Group 206 (omitted pair: (7, 17)): 	[(0, 15, 29),(1, 18, 21),(2, 14, 26),(3, 5, 24),(4, 30, 31),(6, 16, 28),(8, 9, 20),(10, 22, 27),(11, 23, 25),(12, 13, 19)]
Group 207 (omitted pair: (7, 18)): 	[(0, 16, 17),(1, 2, 24),(3, 6, 31),(4, 5, 12),(8, 13, 28),(9, 19, 25),(10, 20, 26),(11, 15, 29),(14, 21, 23),(22, 27, 30)]
Group 208 (omitted pair: (7, 19)): 	[(0, 26, 27),(1, 18, 23),(2, 6, 11),(3, 5, 28),(4, 20, 29),(8, 17, 25),(9, 13, 24),(10, 21, 30),(12, 16, 31),(14, 15, 22)]
Group 209 (omitted pair: (7, 20)): 	[(0, 21, 27),(1, 19, 31),(2, 4, 15),(3, 14, 30),(5, 12, 16),(6, 13, 26),(8, 18, 25),(9, 22, 29),(10, 11, 24),(17, 23, 28)]
Group 210 (omitted pair: (7, 21)): 	[(0, 23, 29),(1, 2, 20),(3, 13, 17),(4, 15, 24),(5, 6, 26),(8, 12, 31),(9, 25, 30),(10, 16, 28),(11, 18, 27),(14, 19, 22)]
Group 211 (omitted pair: (7, 22)): 	[(0, 20, 26),(1, 4, 24),(2, 8, 25),(3, 15, 29),(5, 12, 14),(6, 28, 30),(9, 16, 17),(10, 11, 18),(13, 27, 31),(19, 21, 23)]
Group 212 (omitted pair: (7, 23)): 	[(0, 15, 22),(1, 8, 13),(2, 11, 28),(3, 14, 27),(4, 18, 24),(5, 26, 29),(6, 16, 19),(9, 12, 21),(10, 17, 30),(20, 25, 31)]
Group 213 (omitted pair: (7, 24)): 	[(0, 21, 29),(1, 10, 16),(2, 17, 19),(3, 25, 31),(4, 5, 9),(6, 12, 13),(8, 20, 22),(11, 23, 30),(14, 18, 28),(15, 26, 27)]
Group 214 (omitted pair: (7, 25)): 	[(0, 9, 26),(1, 2, 30),(3, 4, 23),(5, 10, 11),(6, 15, 21),(8, 19, 31),(12, 14, 17),(13, 16, 18),(20, 22, 24),(27, 28, 29)]
Group 215 (omitted pair: (7, 26)): 	[(0, 11, 24),(1, 6, 16),(2, 3, 18),(4, 14, 19),(5, 9, 12),(8, 27, 29),(10, 21, 28),(13, 22, 31),(15, 23, 30),(17, 20, 25)]
Group 216 (omitted pair: (7, 27)): 	[(0, 4, 5),(1, 9, 24),(2, 23, 25),(3, 11, 19),(6, 16, 26),(8, 18, 29),(10, 17, 20),(12, 21, 30),(13, 22, 28),(14, 15, 31)]
Group 217 (omitted pair: (7, 28)): 	[(0, 9, 29),(1, 19, 27),(2, 12, 13),(3, 16, 18),(4, 10, 25),(5, 8, 23),(6, 24, 26),(11, 22, 30),(14, 15, 21),(17, 20, 31)]
Group 218 (omitted pair: (7, 29)): 	[(0, 18, 27),(1, 13, 25),(2, 20, 30),(3, 5, 26),(4, 15, 22),(6, 8, 24),(9, 21, 23),(10, 14, 31),(11, 17, 28),(12, 16, 19)]
Group 219 (omitted pair: (7, 30)): 	[(0, 22, 25),(1, 11, 27),(2, 10, 19),(3, 4, 31),(5, 14, 28),(6, 8, 12),(9, 15, 18),(13, 17, 23),(16, 26, 29),(20, 21, 24)]
Group 220 (omitted pair: (7, 31)): 	[(0, 11, 26),(1, 12, 27),(2, 10, 20),(3, 13, 16),(4, 8, 24),(5, 28, 29),(6, 19, 25),(9, 21, 22),(14, 17, 23),(15, 18, 30)]
Group 221 (omitted pair: (8, 9)): 	[(0, 17, 30),(1, 16, 31),(2, 13, 15),(3, 23, 25),(4, 6, 22),(5, 21, 27),(7, 26, 28),(10, 19, 24),(11, 12, 18),(14, 20, 29)]
Group 222 (omitted pair: (8, 10)): 	[(0, 13, 14),(1, 17, 21),(2, 9, 22),(3, 12, 16),(4, 18, 29),(5, 24, 31),(6, 27, 30),(7, 11, 19),(15, 25, 26),(20, 23, 28)]
Group 223 (omitted pair: (8, 11)): 	[(0, 14, 18),(1, 15, 27),(2, 7, 25),(3, 17, 23),(4, 10, 24),(5, 28, 30),(6, 13, 22),(9, 20, 26),(12, 21, 31),(16, 19, 29)]
Group 224 (omitted pair: (8, 12)): 	[(0, 5, 18),(1, 3, 10),(2, 23, 26),(4, 9, 11),(6, 13, 20),(7, 14, 27),(15, 16, 29),(17, 21, 31),(19, 25, 28),(22, 24, 30)]
Group 225 (omitted pair: (8, 13)): 	[(0, 17, 21),(1, 14, 15),(2, 28, 29),(3, 11, 12),(4, 20, 24),(5, 9, 10),(6, 23, 26),(7, 16, 18),(19, 30, 31),(22, 25, 27)]
Group 226 (omitted pair: (8, 14)): 	[(0, 4, 23),(1, 9, 25),(2, 12, 21),(3, 27, 31),(5, 17, 22),(6, 11, 26),(7, 20, 30),(10, 15, 19),(13, 16, 29),(18, 24, 28)]
Group 227 (omitted pair: (8, 15)): 	[(0, 2, 18),(1, 11, 20),(3, 12, 19),(4, 17, 28),(5, 13, 14),(6, 22, 29),(7, 10, 24),(9, 26, 31),(16, 27, 30),(21, 23, 25)]
Group 228 (omitted pair: (8, 16)): 	[(0, 3, 24),(1, 12, 23),(2, 20, 22),(4, 9, 19),(5, 14, 29),(6, 17, 21),(7, 18, 26),(10, 25, 30),(11, 15, 31),(13, 27, 28)]
Group 229 (omitted pair: (8, 17)): 	[(0, 16, 24),(1, 2, 21),(3, 10, 13),(4, 22, 28),(5, 7, 9),(6, 19, 31),(11, 12, 27),(14, 18, 26),(15, 23, 25),(20, 29, 30)]
Group 230 (omitted pair: (8, 18)): 	[(0, 9, 24),(1, 25, 27),(2, 19, 29),(3, 6, 26),(4, 15, 17),(5, 20, 30),(7, 13, 28),(10, 12, 23),(11, 14, 31),(16, 21, 22)]
Group 231 (omitted pair: (8, 19)): 	[(0, 23, 28),(1, 22, 25),(2, 13, 24),(3, 11, 30),(4, 17, 21),(5, 15, 16),(6, 14, 18),(7, 20, 29),(9, 10, 12),(26, 27, 31)]
Group 232 (omitted pair: (8, 20)): 	[(0, 7, 9),(1, 5, 27),(2, 14, 22),(3, 28, 30),(4, 18, 31),(6, 11, 25),(10, 16, 29),(12, 21, 23),(13, 19, 24),(15, 17, 26)]
Group 233 (omitted pair: (8, 21)): 	[(0, 25, 30),(1, 12, 26),(2, 3, 23),(4, 9, 16),(5, 13, 27),(6, 28, 29),(7, 20, 24),(10, 15, 22),(11, 17, 31),(14, 18, 19)]
Group 234 (omitted pair: (8, 22)): 	[(0, 2, 21),(1, 16, 20),(3, 13, 25),(4, 9, 30),(5, 23, 29),(6, 15, 24),(7, 11, 17),(10, 27, 31),(12, 18, 19),(14, 26, 28)]
Group 235 (omitted pair: (8, 23)): 	[(0, 6, 21),(1, 4, 18),(2, 9, 31),(3, 24, 25),(5, 16, 17),(7, 19, 20),(10, 11, 13),(12, 27, 28),(14, 22, 30),(15, 26, 29)]
Group 236 (omitted pair: (8, 24)): 	[(0, 7, 19),(1, 9, 29),(2, 12, 30),(3, 5, 17),(4, 10, 28),(6, 18, 31),(11, 23, 27),(13, 15, 22),(14, 16, 26),(20, 21, 25)]
Group 237 (omitted pair: (8, 25)): 	[(0, 7, 23),(1, 9, 18),(2, 4, 31),(3, 10, 26),(5, 24, 30),(6, 19, 27),(11, 17, 20),(12, 22, 29),(13, 16, 21),(14, 15, 28)]
Group 238 (omitted pair: (8, 26)): 	[(0, 6, 24),(1, 19, 20),(2, 22, 28),(3, 5, 15),(4, 25, 27),(7, 11, 23),(9, 21, 30),(10, 16, 17),(12, 14, 29),(13, 18, 31)]
Group 239 (omitted pair: (8, 27)): 	[(0, 20, 29),(1, 7, 24),(2, 4, 30),(3, 13, 19),(5, 12, 25),(6, 15, 23),(9, 14, 21),(10, 26, 28),(11, 16, 18),(17, 22, 31)]
Group 240 (omitted pair: (8, 28)): 	[(0, 4, 29),(1, 21, 27),(2, 14, 16),(3, 12, 26),(5, 7, 23),(6, 17, 19),(9, 15, 24),(10, 22, 30),(11, 18, 20),(13, 25, 31)]
Group 241 (omitted pair: (8, 29)): 	[(0, 11, 14),(1, 20, 22),(2, 13, 30),(3, 16, 19),(4, 10, 18),(5, 6, 31),(7, 25, 26),(9, 12, 23),(15, 24, 27),(17, 21, 28)]
Group 242 (omitted pair: (8, 30)): 	[(0, 1, 25),(2, 7, 11),(3, 18, 21),(4, 9, 29),(5, 13, 26),(6, 15, 20),(10, 22, 24),(12, 17, 28),(14, 19, 31),(16, 23, 27)]
Group 243 (omitted pair: (8, 31)): 	[(0, 17, 20),(1, 13, 14),(2, 3, 15),(4, 10, 11),(5, 7, 30),(6, 18, 25),(9, 19, 26),(12, 23, 24),(16, 22, 29),(21, 27, 28)]
Group 244 (omitted pair: (9, 10)): 	[(0, 18, 21),(1, 5, 24),(2, 20, 23),(3, 27, 30),(4, 16, 22),(6, 15, 29),(7, 14, 26),(8, 12, 28),(11, 19, 25),(13, 17, 31)]
Group 245 (omitted pair: (9, 11)): 	[(0, 2, 5),(1, 15, 25),(3, 7, 24),(4, 16, 18),(6, 21, 30),(8, 13, 31),(10, 19, 29),(12, 23, 27),(14, 17, 26),(20, 22, 28)]
Group 246 (omitted pair: (9, 12)): 	[(0, 4, 15),(1, 18, 20),(2, 5, 7),(3, 21, 27),(6, 13, 19),(8, 14, 16),(10, 17, 25),(11, 26, 31),(22, 23, 30),(24, 28, 29)]
Group 247 (omitted pair: (9, 13)): 	[(0, 7, 21),(1, 28, 31),(2, 11, 27),(3, 12, 24),(4, 6, 20),(5, 22, 29),(8, 10, 15),(14, 16, 25),(17, 26, 30),(18, 19, 23)]
Group 248 (omitted pair: (9, 14)): 	[(0, 1, 7),(2, 10, 27),(3, 20, 31),(4, 28, 29),(5, 13, 24),(6, 21, 23),(8, 12, 15),(11, 17, 22),(16, 19, 30),(18, 25, 26)]
Group 249 (omitted pair: (9, 15)): 	[(0, 5, 7),(1, 8, 25),(2, 27, 31),(3, 13, 28),(4, 11, 29),(6, 10, 18),(12, 14, 22),(16, 19, 26),(17, 20, 30),(21, 23, 24)]
Group 250 (omitted pair: (9, 16)): 	[(0, 10, 21),(1, 14, 31),(2, 26, 27),(3, 11, 17),(4, 13, 25),(5, 7, 19),(6, 12, 23),(8, 24, 29),(15, 22, 28),(18, 20, 30)]
Group 251 (omitted pair: (9, 17)): 	[(0, 1, 3),(2, 11, 20),(4, 6, 23),(5, 27, 29),(7, 8, 16),(10, 22, 31),(12, 15, 25),(13, 21, 28),(14, 19, 26),(18, 24, 30)]
Group 252 (omitted pair: (9, 18)): 	[(0, 3, 12),(1, 8, 29),(2, 25, 28),(4, 22, 23),(5, 11, 16),(6, 30, 31),(7, 19, 26),(10, 14, 21),(13, 17, 27),(15, 20, 24)]
Group 253 (omitted pair: (9, 19)): 	[(0, 5, 27),(1, 4, 31),(2, 18, 26),(3, 13, 21),(6, 12, 22),(7, 28, 29),(8, 17, 24),(10, 15, 30),(11, 14, 23),(16, 20, 25)]
Group 254 (omitted pair: (9, 20)): 	[(0, 1, 13),(2, 3, 31),(4, 5, 16),(6, 26, 28),(7, 8, 29),(10, 12, 24),(11, 17, 18),(14, 15, 25),(19, 27, 30),(21, 22, 23)]
Group 255 (omitted pair: (9, 21)): 	[(0, 5, 20),(1, 25, 26),(2, 6, 31),(3, 12, 14),(4, 27, 28),(7, 13, 18),(8, 11, 29),(10, 16, 19),(15, 24, 30),(17, 22, 23)]
Group 256 (omitted pair: (9, 22)): 	[(0, 6, 13),(1, 14, 25),(2, 12, 24),(3, 11, 15),(4, 18, 27),(5, 19, 23),(7, 8, 31),(10, 17, 21),(16, 28, 29),(20, 26, 30)]
Group 257 (omitted pair: (9, 23)): 	[(0, 6, 8),(1, 2, 10),(3, 4, 13),(5, 11, 25),(7, 14, 16),(12, 17, 29),(15, 21, 26),(18, 19, 28),(20, 30, 31),(22, 24, 27)]
Group 258 (omitted pair: (9, 24)): 	[(0, 3, 10),(1, 16, 26),(2, 18, 19),(4, 6, 14),(5, 8, 28),(7, 13, 27),(11, 29, 31),(12, 20, 21),(15, 17, 30),(22, 23, 25)]
Group 259 (omitted pair: (9, 25)): 	[(0, 1, 26),(2, 10, 18),(3, 11, 29),(4, 15, 30),(5, 8, 24),(6, 12, 21),(7, 13, 14),(16, 20, 23),(17, 19, 28),(22, 27, 31)]
Group 260 (omitted pair: (9, 26)): 	[(0, 23, 31),(1, 12, 15),(2, 16, 21),(3, 5, 29),(4, 22, 27),(6, 13, 25),(7, 11, 14),(8, 19, 28),(10, 18, 30),(17, 20, 24)]
Group 261 (omitted pair: (9, 27)): 	[(0, 10, 15),(1, 3, 8),(2, 18, 29),(4, 13, 22),(5, 24, 26),(6, 11, 20),(7, 19, 28),(12, 14, 16),(17, 25, 30),(21, 23, 31)]
Group 262 (omitted pair: (9, 28)): 	[(0, 21, 23),(1, 10, 26),(2, 5, 22),(3, 4, 12),(6, 13, 18),(7, 15, 19),(8, 24, 30),(11, 20, 25),(14, 17, 31),(16, 27, 29)]
Group 263 (omitted pair: (9, 29)): 	[(0, 16, 31),(1, 5, 21),(2, 3, 22),(4, 23, 28),(6, 15, 19),(7, 13, 17),(8, 12, 24),(10, 25, 27),(11, 20, 26),(14, 18, 30)]
Group 264 (omitted pair: (9, 30)): 	[(0, 22, 29),(1, 8, 24),(2, 15, 27),(3, 4, 18),(5, 12, 23),(6, 14, 28),(7, 16, 19),(10, 11, 20),(13, 21, 26),(17, 25, 31)]
Group 265 (omitted pair: (9, 31)): 	[(0, 13, 16),(1, 21, 25),(2, 6, 30),(3, 14, 26),(4, 10, 20),(5, 15, 18),(7, 8, 19),(11, 17, 29),(12, 24, 27),(22, 23, 28)]
Group 266 (omitted pair: (10, 11)): 	[(0, 2, 16),(1, 6, 21),(3, 13, 22),(4, 20, 27),(5, 18, 19),(7, 12, 26),(8, 30, 31),(9, 14, 15),(17, 28, 29),(23, 24, 25)]
Group 267 (omitted pair: (10, 12)): 	[(0, 7, 31),(1, 9, 22),(2, 3, 16),(4, 21, 26),(5, 20, 25),(6, 8, 19),(11, 23, 24),(13, 14, 27),(15, 28, 30),(17, 18, 29)]
Group 268 (omitted pair: (10, 13)): 	[(0, 6, 31),(1, 17, 19),(2, 14, 18),(3, 9, 28),(4, 22, 29),(5, 26, 30),(7, 21, 27),(8, 20, 23),(11, 12, 24),(15, 16, 25)]
Group 269 (omitted pair: (10, 14)): 	[(0, 3, 21),(1, 5, 28),(2, 12, 20),(4, 8, 25),(6, 9, 18),(7, 16, 29),(11, 22, 27),(13, 24, 31),(15, 19, 26),(17, 23, 30)]
Group 270 (omitted pair: (10, 15)): 	[(0, 20, 30),(1, 28, 29),(2, 8, 12),(3, 17, 27),(4, 16, 21),(5, 11, 13),(6, 14, 26),(7, 9, 22),(18, 19, 25),(23, 24, 31)]
Group 271 (omitted pair: (10, 16)): 	[(0, 3, 26),(1, 12, 19),(2, 4, 7),(5, 11, 23),(6, 17, 31),(8, 9, 21),(13, 15, 20),(14, 24, 29),(18, 25, 30),(22, 27, 28)]
Group 272 (omitted pair: (10, 17)): 	[(0, 4, 25),(1, 9, 26),(2, 13, 19),(3, 11, 21),(5, 12, 28),(6, 14, 16),(7, 24, 29),(8, 15, 30),(18, 22, 23),(20, 27, 31)]
Group 273 (omitted pair: (10, 18)): 	[(0, 2, 20),(1, 11, 22),(3, 24, 29),(4, 6, 17),(5, 12, 19),(7, 21, 30),(8, 9, 27),(13, 15, 25),(14, 16, 28),(23, 26, 31)]
Group 274 (omitted pair: (10, 19)): 	[(0, 1, 17),(2, 9, 18),(3, 4, 21),(5, 7, 20),(6, 8, 13),(11, 16, 22),(12, 14, 15),(23, 26, 30),(24, 29, 31),(25, 27, 28)]
Group 275 (omitted pair: (10, 20)): 	[(0, 3, 17),(1, 6, 30),(2, 9, 21),(4, 15, 31),(5, 8, 26),(7, 18, 29),(11, 22, 23),(12, 19, 28),(13, 16, 25),(14, 24, 27)]
Group 276 (omitted pair: (10, 21)): 	[(0, 26, 31),(1, 20, 28),(2, 4, 24),(3, 6, 15),(5, 14, 18),(7, 25, 27),(8, 16, 19),(9, 17, 23),(11, 13, 29),(12, 22, 30)]
Group 277 (omitted pair: (10, 22)): 	[(0, 1, 21),(2, 18, 27),(3, 23, 28),(4, 6, 8),(5, 12, 30),(7, 15, 16),(9, 13, 20),(11, 24, 31),(14, 19, 29),(17, 25, 26)]
Group 278 (omitted pair: (10, 23)): 	[(0, 27, 28),(1, 11, 16),(2, 18, 24),(3, 13, 30),(4, 21, 29),(5, 17, 19),(6, 7, 31),(8, 14, 25),(9, 12, 26),(15, 20, 22)]
Group 279 (omitted pair: (10, 24)): 	[(0, 7, 17),(1, 12, 13),(2, 14, 15),(3, 8, 25),(4, 9, 18),(5, 11, 30),(6, 16, 22),(19, 26, 28),(20, 23, 31),(21, 27, 29)]
Group 280 (omitted pair: (10, 25)): 	[(0, 27, 30),(1, 9, 11),(2, 5, 17),(3, 21, 22),(4, 14, 31),(6, 7, 18),(8, 28, 29),(12, 19, 23),(13, 15, 24),(16, 20, 26)]
Group 281 (omitted pair: (10, 26)): 	[(0, 11, 17),(1, 18, 19),(2, 4, 9),(3, 23, 27),(5, 13, 25),(6, 22, 30),(7, 14, 15),(8, 16, 24),(12, 28, 31),(20, 21, 29)]
Group 282 (omitted pair: (10, 27)): 	[(0, 9, 28),(1, 7, 18),(2, 6, 25),(3, 23, 26),(4, 13, 15),(5, 17, 30),(8, 11, 12),(14, 16, 24),(19, 21, 29),(20, 22, 31)]
Group 283 (omitted pair: (10, 28)): 	[(0, 12, 26),(1, 15, 17),(2, 9, 16),(3, 5, 30),(4, 7, 13),(6, 11, 31),(8, 22, 29),(14, 18, 21),(19, 20, 24),(23, 25, 27)]
Group 284 (omitted pair: (10, 29)): 	[(0, 6, 27),(1, 8, 21),(2, 5, 25),(3, 18, 31),(4, 19, 28),(7, 17, 30),(9, 16, 22),(11, 13, 14),(12, 20, 23),(15, 24, 26)]
Group 285 (omitted pair: (10, 30)): 	[(0, 22, 31),(1, 2, 12),(3, 17, 29),(4, 6, 25),(5, 11, 19),(7, 23, 24),(8, 21, 28),(9, 14, 18),(13, 16, 26),(15, 20, 27)]
Group 286 (omitted pair: (10, 31)): 	[(0, 1, 6),(2, 9, 17),(3, 8, 14),(4, 23, 27),(5, 19, 21),(7, 11, 13),(12, 28, 29),(15, 16, 18),(20, 24, 30),(22, 25, 26)]
Group 287 (omitted pair: (11, 12)): 	[(0, 20, 24),(1, 13, 18),(2, 16, 31),(3, 10, 21),(4, 5, 6),(7, 8, 17),(9, 22, 30),(14, 15, 27),(19, 23, 29),(25, 26, 28)]
Group 288 (omitted pair: (11, 13)): 	[(0, 12, 19),(1, 17, 22),(2, 27, 29),(3, 20, 23),(4, 15, 26),(5, 8, 31),(6, 7, 21),(9, 10, 25),(14, 16, 18),(24, 28, 30)]
Group 289 (omitted pair: (11, 14)): 	[(0, 19, 24),(1, 7, 25),(2, 5, 20),(3, 18, 22),(4, 21, 28),(6, 8, 29),(9, 16, 31),(10, 27, 30),(12, 15, 23),(13, 17, 26)]
Group 290 (omitted pair: (11, 15)): 	[(0, 2, 28),(1, 12, 21),(3, 23, 31),(4, 17, 19),(5, 24, 27),(6, 16, 30),(7, 18, 22),(8, 20, 25),(9, 14, 29),(10, 13, 26)]
Group 291 (omitted pair: (11, 16)): 	[(0, 17, 31),(1, 2, 26),(3, 9, 18),(4, 21, 27),(5, 10, 24),(6, 19, 28),(7, 15, 20),(8, 12, 14),(13, 23, 29),(22, 25, 30)]
Group 292 (omitted pair: (11, 17)): 	[(0, 25, 29),(1, 10, 14),(2, 18, 22),(3, 6, 21),(4, 23, 30),(5, 19, 26),(7, 12, 31),(8, 15, 28),(9, 16, 24),(13, 20, 27)]
Group 293 (omitted pair: (11, 18)): 	[(0, 13, 25),(1, 20, 29),(2, 15, 21),(3, 6, 28),(4, 7, 17),(5, 22, 24),(8, 26, 30),(9, 14, 16),(10, 23, 31),(12, 19, 27)]
Group 294 (omitted pair: (11, 19)): 	[(0, 25, 28),(1, 23, 29),(2, 5, 24),(3, 15, 27),(4, 6, 12),(7, 13, 30),(8, 16, 17),(9, 21, 26),(10, 18, 31),(14, 20, 22)]
Group 295 (omitted pair: (11, 20)): 	[(0, 1, 2),(3, 9, 31),(4, 12, 21),(5, 7, 29),(6, 13, 28),(8, 15, 18),(10, 17, 26),(14, 22, 25),(16, 24, 27),(19, 23, 30)]
Group 296 (omitted pair: (11, 21)): 	[(0, 10, 19),(1, 3, 5),(2, 24, 29),(4, 8, 12),(6, 16, 20),(7, 17, 26),(9, 28, 30),(13, 15, 27),(14, 22, 31),(18, 23, 25)]
Group 297 (omitted pair: (11, 22)): 	[(0, 2, 23),(1, 16, 25),(3, 28, 31),(4, 6, 9),(5, 10, 19),(7, 15, 27),(8, 20, 30),(12, 17, 26),(13, 14, 18),(21, 24, 29)]
Group 298 (omitted pair: (11, 23)): 	[(0, 4, 24),(1, 6, 22),(2, 13, 16),(3, 18, 30),(5, 10, 12),(7, 15, 29),(8, 14, 26),(9, 19, 31),(17, 20, 28),(21, 25, 27)]
Group 299 (omitted pair: (11, 24)): 	[(0, 14, 26),(1, 15, 30),(2, 21, 28),(3, 9, 23),(4, 8, 19),(5, 25, 29),(6, 17, 20),(7, 13, 16),(10, 12, 22),(18, 27, 31)]
Group 300 (omitted pair: (11, 25)): 	[(0, 12, 27),(1, 4, 7),(2, 5, 14),(3, 6, 10),(8, 17, 21),(9, 23, 28),(13, 15, 18),(16, 24, 31),(19, 20, 22),(26, 29, 30)]
Group 301 (omitted pair: (11, 26)): 	[(0, 4, 22),(1, 12, 29),(2, 13, 14),(3, 10, 24),(5, 16, 27),(6, 25, 31),(7, 23, 28),(8, 17, 30),(9, 19, 20),(15, 18, 21)]
Group 302 (omitted pair: (11, 27)): 	[(0, 10, 29),(1, 24, 26),(2, 12, 25),(3, 7, 22),(4, 20, 28),(5, 16, 19),(6, 9, 30),(8, 15, 17),(13, 18, 21),(14, 23, 31)]
Group 303 (omitted pair: (11, 28)): 	[(0, 6, 22),(1, 13, 23),(2, 15, 30),(3, 10, 25),(4, 7, 29),(5, 8, 20),(9, 14, 24),(12, 26, 27),(16, 18, 31),(17, 19, 21)]
Group 304 (omitted pair: (11, 29)): 	[(0, 24, 30),(1, 9, 31),(2, 16, 22),(3, 17, 28),(4, 5, 25),(6, 19, 20),(7, 10, 18),(8, 15, 23),(12, 13, 27),(14, 21, 26)]
Group 305 (omitted pair: (11, 30)): 	[(0, 15, 27),(1, 10, 18),(2, 23, 28),(3, 20, 26),(4, 12, 22),(5, 17, 24),(6, 9, 21),(7, 14, 25),(8, 16, 29),(13, 19, 31)]
Group 306 (omitted pair: (11, 31)): 	[(0, 4, 13),(1, 2, 27),(3, 12, 20),(5, 7, 26),(6, 8, 30),(9, 22, 28),(10, 23, 25),(14, 16, 29),(15, 19, 24),(17, 18, 21)]
Group 307 (omitted pair: (12, 13)): 	[(0, 10, 22),(1, 19, 28),(2, 6, 9),(3, 8, 30),(4, 5, 7),(11, 21, 26),(14, 23, 25),(15, 20, 29),(16, 27, 31),(17, 18, 24)]
Group 308 (omitted pair: (12, 14)): 	[(0, 8, 17),(1, 6, 13),(2, 22, 25),(3, 18, 20),(4, 21, 31),(5, 23, 28),(7, 24, 27),(9, 26, 29),(10, 19, 30),(11, 15, 16)]
Group 309 (omitted pair: (12, 15)): 	[(0, 3, 25),(1, 16, 30),(2, 17, 18),(4, 11, 21),(5, 19, 27),(6, 22, 26),(7, 9, 31),(8, 20, 28),(10, 14, 29),(13, 23, 24)]
Group 310 (omitted pair: (12, 16)): 	[(0, 7, 27),(1, 14, 28),(2, 5, 21),(3, 17, 22),(4, 8, 30),(6, 10, 26),(9, 11, 18),(13, 23, 25),(15, 24, 31),(19, 20, 29)]
Group 311 (omitted pair: (12, 17)): 	[(0, 9, 14),(1, 24, 25),(2, 5, 8),(3, 16, 31),(4, 19, 23),(6, 27, 29),(7, 18, 20),(10, 11, 22),(13, 15, 28),(21, 26, 30)]
Group 312 (omitted pair: (12, 18)): 	[(0, 11, 15),(1, 5, 30),(2, 20, 26),(3, 24, 28),(4, 16, 17),(6, 9, 29),(7, 19, 23),(8, 21, 22),(10, 13, 25),(14, 27, 31)]
Group 313 (omitted pair: (12, 19)): 	[(0, 3, 31),(1, 21, 30),(2, 13, 22),(4, 14, 20),(5, 9, 17),(6, 7, 29),(8, 11, 27),(10, 18, 25),(15, 26, 28),(16, 23, 24)]
Group 314 (omitted pair: (12, 20)): 	[(0, 2, 30),(1, 7, 17),(3, 11, 24),(4, 27, 31),(5, 14, 16),(6, 10, 21),(8, 18, 23),(9, 15, 28),(13, 19, 26),(22, 25, 29)]
Group 315 (omitted pair: (12, 21)): 	[(0, 13, 24),(1, 14, 19),(2, 25, 27),(3, 11, 18),(4, 7, 30),(5, 10, 28),(6, 20, 22),(8, 15, 31),(9, 23, 29),(16, 17, 26)]
Group 316 (omitted pair: (12, 22)): 	[(0, 9, 17),(1, 10, 19),(2, 21, 30),(3, 11, 26),(4, 23, 25),(5, 6, 16),(7, 13, 24),(8, 20, 27),(14, 29, 31),(15, 18, 28)]
Group 317 (omitted pair: (12, 23)): 	[(0, 7, 28),(1, 6, 18),(2, 25, 26),(3, 9, 29),(4, 5, 21),(8, 27, 31),(10, 14, 19),(11, 16, 20),(13, 22, 30),(15, 17, 24)]
Group 318 (omitted pair: (12, 24)): 	[(0, 10, 16),(1, 14, 21),(2, 26, 30),(3, 6, 18),(4, 5, 29),(7, 22, 31),(8, 17, 27),(9, 23, 25),(11, 13, 19),(15, 20, 28)]
Group 319 (omitted pair: (12, 25)): 	[(0, 6, 17),(1, 11, 29),(2, 22, 31),(3, 26, 28),(4, 13, 30),(5, 8, 16),(7, 9, 24),(10, 20, 21),(14, 18, 27),(15, 19, 23)]
Group 320 (omitted pair: (12, 26)): 	[(0, 5, 14),(1, 7, 23),(2, 4, 28),(3, 8, 21),(6, 13, 17),(9, 20, 25),(10, 24, 30),(11, 27, 31),(15, 18, 29),(16, 19, 22)]
Group 321 (omitted pair: (12, 27)): 	[(0, 8, 28),(1, 2, 9),(3, 10, 30),(4, 7, 23),(5, 6, 11),(13, 16, 24),(14, 25, 29),(15, 17, 31),(18, 20, 26),(19, 21, 22)]
Group 322 (omitted pair: (12, 28)): 	[(0, 13, 29),(1, 15, 18),(2, 19, 26),(3, 4, 17),(5, 7, 16),(6, 21, 24),(8, 14, 27),(9, 22, 23),(10, 20, 30),(11, 25, 31)]
Group 323 (omitted pair: (12, 29)): 	[(0, 15, 25),(1, 9, 19),(2, 14, 30),(3, 13, 24),(4, 8, 16),(5, 22, 23),(6, 26, 27),(7, 17, 28),(10, 18, 21),(11, 20, 31)]
Group 324 (omitted pair: (12, 30)): 	[(0, 21, 22),(1, 14, 27),(2, 6, 19),(3, 15, 23),(4, 5, 17),(7, 16, 26),(8, 20, 24),(9, 28, 31),(10, 13, 18),(11, 25, 29)]
Group 325 (omitted pair: (12, 31)): 	[(0, 4, 8),(1, 6, 7),(2, 3, 28),(5, 21, 23),(9, 17, 18),(10, 11, 29),(13, 24, 26),(14, 19, 27),(15, 20, 25),(16, 22, 30)]
Group 326 (omitted pair: (13, 14)): 	[(0, 17, 25),(1, 9, 23),(2, 3, 30),(4, 6, 27),(5, 7, 28),(8, 26, 31),(10, 18, 22),(11, 19, 29),(12, 21, 24),(15, 16, 20)]
Group 327 (omitted pair: (13, 15)): 	[(0, 29, 31),(1, 16, 23),(2, 12, 19),(3, 17, 24),(4, 5, 14),(6, 20, 25),(7, 26, 27),(8, 18, 28),(9, 10, 30),(11, 21, 22)]
Group 328 (omitted pair: (13, 16)): 	[(0, 17, 22),(1, 15, 21),(2, 6, 23),(3, 10, 28),(4, 19, 20),(5, 11, 24),(7, 8, 30),(9, 18, 29),(12, 27, 31),(14, 25, 26)]
Group 329 (omitted pair: (13, 17)): 	[(0, 3, 27),(1, 12, 24),(2, 15, 23),(4, 20, 22),(5, 9, 25),(6, 21, 29),(7, 14, 28),(8, 10, 31),(11, 19, 26),(16, 18, 30)]
Group 330 (omitted pair: (13, 18)): 	[(0, 23, 25),(1, 11, 24),(2, 6, 26),(3, 5, 21),(4, 29, 30),(7, 20, 22),(8, 15, 19),(9, 14, 27),(10, 28, 31),(12, 16, 17)]
Group 331 (omitted pair: (13, 19)): 	[(0, 7, 29),(1, 18, 25),(2, 16, 24),(3, 22, 27),(4, 28, 30),(5, 9, 23),(6, 20, 26),(8, 11, 14),(10, 15, 31),(12, 17, 21)]
Group 332 (omitted pair: (13, 20)): 	[(0, 7, 30),(1, 14, 26),(2, 16, 27),(3, 5, 9),(4, 15, 23),(6, 11, 29),(8, 22, 24),(10, 18, 28),(12, 17, 19),(21, 25, 31)]
Group 333 (omitted pair: (13, 21)): 	[(0, 5, 30),(1, 9, 15),(2, 14, 24),(3, 4, 28),(6, 19, 23),(7, 17, 20),(8, 22, 31),(10, 26, 29),(11, 16, 27),(12, 18, 25)]
Group 334 (omitted pair: (13, 22)): 	[(0, 8, 19),(1, 7, 27),(2, 18, 23),(3, 6, 29),(4, 24, 28),(5, 16, 25),(9, 20, 30),(10, 15, 17),(11, 21, 31),(12, 14, 26)]
Group 335 (omitted pair: (13, 23)): 	[(0, 3, 18),(1, 22, 27),(2, 6, 14),(4, 25, 30),(5, 11, 29),(7, 15, 31),(8, 20, 26),(9, 16, 21),(10, 17, 28),(12, 19, 24)]
Group 336 (omitted pair: (13, 24)): 	[(0, 23, 30),(1, 6, 27),(2, 20, 29),(3, 8, 22),(4, 16, 25),(5, 7, 21),(9, 14, 26),(10, 19, 31),(11, 15, 28),(12, 17, 18)]
Group 337 (omitted pair: (13, 25)): 	[(0, 12, 18),(1, 19, 30),(2, 3, 29),(4, 11, 28),(5, 7, 15),(6, 9, 22),(8, 17, 26),(10, 16, 27),(14, 24, 31),(20, 21, 23)]
Group 338 (omitted pair: (13, 26)): 	[(0, 1, 23),(2, 3, 21),(4, 17, 30),(5, 7, 22),(6, 15, 27),(8, 14, 20),(9, 18, 28),(10, 16, 25),(11, 24, 29),(12, 19, 31)]
Group 339 (omitted pair: (13, 27)): 	[(0, 22, 30),(1, 6, 24),(2, 12, 29),(3, 11, 28),(4, 25, 31),(5, 14, 17),(7, 16, 23),(8, 10, 19),(9, 18, 26),(15, 20, 21)]
Group 340 (omitted pair: (13, 28)): 	[(0, 7, 18),(1, 9, 10),(2, 3, 24),(4, 5, 27),(6, 8, 20),(11, 17, 25),(12, 19, 30),(14, 26, 29),(15, 21, 23),(16, 22, 31)]
Group 341 (omitted pair: (13, 29)): 	[(0, 8, 18),(1, 5, 16),(2, 7, 21),(3, 22, 28),(4, 6, 30),(9, 23, 27),(10, 25, 31),(11, 17, 19),(12, 20, 24),(14, 15, 26)]
Group 342 (omitted pair: (13, 30)): 	[(0, 1, 20),(2, 10, 16),(3, 8, 24),(4, 7, 25),(5, 11, 12),(6, 9, 28),(14, 27, 29),(15, 22, 23),(17, 21, 26),(18, 19, 31)]
Group 343 (omitted pair: (13, 31)): 	[(0, 3, 15),(1, 4, 12),(2, 9, 25),(5, 10, 30),(6, 7, 8),(11, 24, 27),(14, 28, 29),(16, 22, 23),(17, 19, 26),(18, 20, 21)]
Group 344 (omitted pair: (14, 15)): 	[(0, 3, 4),(1, 5, 26),(2, 11, 23),(6, 7, 9),(8, 10, 30),(12, 20, 25),(13, 27, 29),(16, 22, 28),(17, 19, 31),(18, 21, 24)]
Group 345 (omitted pair: (14, 16)): 	[(0, 6, 19),(1, 2, 4),(3, 5, 7),(8, 11, 20),(9, 10, 31),(12, 28, 30),(13, 25, 29),(15, 23, 27),(17, 22, 24),(18, 21, 26)]
Group 346 (omitted pair: (14, 17)): 	[(0, 1, 4),(2, 11, 29),(3, 6, 8),(5, 7, 24),(9, 10, 18),(12, 25, 27),(13, 28, 31),(15, 22, 30),(16, 23, 26),(19, 20, 21)]
Group 347 (omitted pair: (14, 18)): 	[(0, 10, 12),(1, 2, 28),(3, 6, 9),(4, 11, 23),(5, 7, 8),(13, 24, 30),(15, 21, 29),(16, 26, 27),(17, 22, 25),(19, 20, 31)]
Group 348 (omitted pair: (14, 19)): 	[(0, 1, 16),(2, 5, 27),(3, 4, 29),(6, 10, 12),(7, 9, 28),(8, 11, 25),(13, 23, 30),(15, 20, 31),(17, 21, 24),(18, 22, 26)]
Group 349 (omitted pair: (14, 20)): 	[(0, 1, 5),(2, 8, 26),(3, 10, 31),(4, 16, 28),(6, 11, 12),(7, 9, 27),(13, 19, 30),(15, 23, 29),(17, 21, 25),(18, 22, 24)]
Group 350 (omitted pair: (14, 21)): 	[(0, 7, 8),(1, 6, 11),(2, 5, 30),(3, 4, 9),(10, 17, 18),(12, 26, 31),(13, 20, 29),(15, 24, 25),(16, 27, 28),(19, 22, 23)]
Group 351 (omitted pair: (14, 22)): 	[(0, 7, 20),(1, 4, 10),(2, 8, 13),(3, 9, 11),(5, 6, 23),(12, 17, 27),(15, 26, 31),(16, 29, 30),(18, 24, 25),(19, 21, 28)]
Group 352 (omitted pair: (14, 23)): 	[(0, 13, 28),(1, 5, 12),(2, 6, 24),(3, 8, 11),(4, 10, 29),(7, 9, 15),(16, 20, 31),(17, 21, 30),(18, 26, 27),(19, 22, 25)]
Group 353 (omitted pair: (14, 24)): 	[(0, 3, 11),(1, 6, 10),(2, 5, 13),(4, 8, 31),(7, 9, 30),(12, 16, 25),(15, 23, 28),(17, 20, 29),(18, 21, 27),(19, 22, 26)]
Group 354 (omitted pair: (14, 25)): 	[(0, 4, 26),(1, 8, 12),(2, 15, 28),(3, 5, 13),(6, 10, 11),(7, 9, 20),(16, 29, 31),(17, 23, 24),(18, 21, 30),(19, 22, 27)]
Group 355 (omitted pair: (14, 26)): 	[(0, 9, 13),(1, 12, 17),(2, 8, 11),(3, 7, 18),(4, 5, 10),(6, 22, 27),(15, 25, 28),(16, 21, 30),(19, 23, 24),(20, 29, 31)]
Group 356 (omitted pair: (14, 27)): 	[(0, 5, 11),(1, 6, 12),(2, 7, 31),(3, 9, 10),(4, 8, 13),(15, 16, 30),(17, 22, 29),(18, 24, 26),(19, 23, 25),(20, 21, 28)]
Group 357 (omitted pair: (14, 28)): 	[(0, 5, 13),(1, 8, 11),(2, 4, 12),(3, 7, 10),(6, 9, 15),(16, 23, 31),(17, 25, 27),(18, 29, 30),(19, 24, 26),(20, 21, 22)]
Group 358 (omitted pair: (14, 29)): 	[(0, 8, 10),(1, 3, 13),(2, 6, 15),(4, 9, 12),(5, 7, 11),(16, 21, 28),(17, 24, 26),(18, 30, 31),(19, 25, 27),(20, 22, 23)]
Group 359 (omitted pair: (14, 30)): 	[(0, 4, 12),(1, 8, 9),(2, 10, 11),(3, 6, 16),(5, 7, 13),(15, 24, 28),(17, 21, 29),(18, 23, 31),(19, 25, 26),(20, 22, 27)]
Group 360 (omitted pair: (14, 31)): 	[(0, 9, 27),(1, 7, 8),(2, 10, 13),(3, 4, 11),(5, 6, 12),(15, 18, 20),(16, 23, 30),(17, 25, 28),(19, 26, 29),(21, 22, 24)]
Group 361 (omitted pair: (15, 16)): 	[(0, 1, 12),(2, 6, 8),(3, 5, 11),(4, 7, 10),(9, 13, 23),(14, 17, 27),(18, 26, 28),(19, 29, 31),(20, 24, 25),(21, 22, 30)]
Group 362 (omitted pair: (15, 17)): 	[(0, 5, 12),(1, 8, 22),(2, 4, 13),(3, 7, 26),(6, 11, 14),(9, 10, 16),(18, 25, 31),(19, 27, 28),(20, 23, 29),(21, 24, 30)]
Group 363 (omitted pair: (15, 18)): 	[(0, 3, 7),(1, 11, 13),(2, 5, 10),(4, 8, 9),(6, 12, 14),(16, 22, 27),(17, 24, 30),(19, 23, 31),(20, 26, 28),(21, 25, 29)]
Group 364 (omitted pair: (15, 19)): 	[(0, 2, 13),(1, 6, 8),(3, 5, 12),(4, 7, 9),(10, 11, 16),(14, 17, 24),(18, 28, 31),(20, 26, 29),(21, 25, 30),(22, 23, 27)]
Group 365 (omitted pair: (15, 20)): 	[(0, 5, 8),(1, 3, 4),(2, 9, 11),(6, 7, 16),(10, 12, 28),(13, 14, 17),(18, 26, 30),(19, 27, 31),(21, 23, 29),(22, 24, 25)]
Group 366 (omitted pair: (15, 21)): 	[(0, 9, 11),(1, 4, 5),(2, 7, 12),(3, 6, 17),(8, 24, 31),(10, 14, 23),(13, 16, 22),(18, 25, 28),(19, 26, 30),(20, 27, 29)]
Group 367 (omitted pair: (15, 22)): 	[(0, 6, 29),(1, 5, 20),(2, 4, 16),(3, 11, 14),(7, 13, 25),(8, 23, 31),(9, 19, 30),(10, 12, 18),(17, 24, 28),(21, 26, 27)]
Group 368 (omitted pair: (15, 23)): 	[(0, 4, 11),(1, 2, 8),(3, 6, 7),(5, 9, 13),(10, 12, 16),(14, 25, 30),(17, 18, 20),(19, 21, 24),(22, 26, 27),(28, 29, 31)]
Group 369 (omitted pair: (15, 24)): 	[(0, 2, 11),(1, 9, 12),(3, 4, 8),(5, 6, 7),(10, 13, 16),(14, 17, 28),(18, 19, 29),(20, 27, 30),(21, 22, 31),(23, 25, 26)]
Group 370 (omitted pair: (15, 25)): 	[(0, 8, 9),(1, 5, 18),(2, 3, 7),(4, 6, 10),(11, 12, 16),(13, 14, 28),(17, 19, 30),(20, 21, 31),(22, 23, 29),(24, 26, 27)]
Group 371 (omitted pair: (15, 26)): 	[(0, 1, 8),(2, 9, 10),(3, 7, 12),(4, 6, 11),(5, 13, 20),(14, 16, 17),(18, 22, 30),(19, 25, 31),(21, 28, 29),(23, 24, 27)]
Group 372 (omitted pair: (15, 27)): 	[(0, 2, 10),(1, 4, 6),(3, 8, 9),(5, 7, 14),(11, 12, 17),(13, 18, 19),(16, 20, 22),(21, 30, 31),(23, 26, 29),(24, 25, 28)]
Group 373 (omitted pair: (15, 28)): 	[(0, 2, 7),(1, 5, 6),(3, 4, 16),(8, 24, 26),(9, 11, 29),(10, 12, 20),(13, 19, 23),(14, 17, 18),(21, 27, 30),(22, 25, 31)]
Group 374 (omitted pair: (15, 29)): 	[(0, 2, 12),(1, 5, 8),(3, 4, 6),(7, 10, 13),(9, 11, 14),(16, 17, 20),(18, 19, 27),(21, 22, 25),(23, 30, 31),(24, 26, 28)]
Group 375 (omitted pair: (15, 30)): 	[(0, 9, 10),(1, 2, 29),(3, 6, 12),(4, 19, 25),(5, 8, 11),(7, 17, 22),(13, 18, 20),(14, 23, 28),(16, 21, 27),(24, 26, 31)]
Group 376 (omitted pair: (15, 31)): 	[(0, 1, 10),(2, 4, 6),(3, 18, 23),(5, 8, 12),(7, 19, 24),(9, 29, 30),(11, 13, 16),(14, 20, 27),(17, 22, 26),(21, 25, 28)]
Group 377 (omitted pair: (16, 17)): 	[(0, 4, 6),(1, 5, 11),(2, 7, 13),(3, 8, 10),(9, 12, 14),(15, 18, 24),(19, 20, 28),(21, 22, 27),(23, 29, 31),(25, 26, 30)]
Group 378 (omitted pair: (16, 18)): 	[(0, 3, 5),(1, 2, 11),(4, 9, 10),(6, 7, 19),(8, 13, 14),(12, 15, 17),(20, 21, 27),(22, 28, 29),(23, 24, 30),(25, 26, 31)]
Group 379 (omitted pair: (16, 19)): 	[(0, 1, 9),(2, 3, 6),(4, 5, 23),(7, 20, 21),(8, 10, 12),(11, 14, 15),(13, 17, 18),(22, 26, 31),(24, 27, 28),(25, 29, 30)]
Group 380 (omitted pair: (16, 20)): 	[(0, 2, 17),(1, 4, 27),(3, 18, 19),(5, 9, 14),(6, 11, 21),(7, 8, 13),(10, 12, 15),(22, 23, 31),(24, 25, 29),(26, 28, 30)]
Group 381 (omitted pair: (16, 21)): 	[(0, 4, 10),(1, 2, 7),(3, 25, 27),(5, 8, 19),(6, 20, 24),(9, 11, 23),(12, 13, 22),(14, 15, 29),(17, 18, 28),(26, 30, 31)]
Group 382 (omitted pair: (16, 22)): 	[(0, 28, 29),(1, 23, 30),(2, 9, 20),(3, 4, 27),(5, 6, 25),(7, 18, 31),(8, 10, 13),(11, 12, 15),(14, 17, 19),(21, 24, 26)]
Group 383 (omitted pair: (16, 23)): 	[(0, 14, 17),(1, 20, 24),(2, 18, 21),(3, 26, 29),(4, 6, 19),(5, 27, 28),(7, 30, 31),(8, 9, 22),(10, 11, 15),(12, 13, 25)]
Group 384 (omitted pair: (16, 24)): 	[(0, 20, 21),(1, 23, 27),(2, 15, 22),(3, 10, 19),(4, 14, 18),(5, 11, 17),(6, 9, 13),(7, 25, 28),(8, 12, 30),(26, 29, 31)]
Group 385 (omitted pair: (16, 25)): 	[(0, 27, 29),(1, 21, 26),(2, 22, 23),(3, 9, 17),(4, 10, 19),(5, 14, 30),(6, 11, 15),(7, 8, 12),(13, 18, 24),(20, 28, 31)]
Group 386 (omitted pair: (16, 26)): 	[(0, 13, 23),(1, 10, 17),(2, 14, 21),(3, 15, 20),(4, 11, 19),(5, 12, 22),(6, 18, 29),(7, 24, 28),(8, 9, 25),(27, 30, 31)]
Group 387 (omitted pair: (16, 27)): 	[(0, 19, 31),(1, 22, 28),(2, 20, 21),(3, 15, 30),(4, 11, 18),(5, 13, 17),(6, 10, 14),(7, 26, 29),(8, 9, 24),(12, 23, 25)]
Group 388 (omitted pair: (16, 28)): 	[(0, 27, 31),(1, 15, 20),(2, 9, 23),(3, 18, 25),(4, 11, 12),(5, 13, 21),(6, 26, 29),(7, 19, 30),(8, 10, 17),(14, 22, 24)]
Group 389 (omitted pair: (16, 29)): 	[(0, 11, 25),(1, 22, 26),(2, 13, 20),(3, 19, 28),(4, 18, 23),(5, 17, 21),(6, 12, 15),(7, 9, 10),(8, 14, 31),(24, 27, 30)]
Group 390 (omitted pair: (16, 30)): 	[(0, 4, 28),(1, 2, 3),(5, 8, 25),(6, 12, 18),(7, 17, 21),(9, 20, 29),(10, 15, 26),(11, 19, 27),(13, 14, 23),(22, 24, 31)]
Group 391 (omitted pair: (16, 31)): 	[(0, 9, 19),(1, 18, 30),(2, 7, 28),(3, 10, 23),(4, 24, 26),(5, 21, 25),(6, 17, 27),(8, 12, 20),(11, 15, 22),(13, 14, 29)]
Group 392 (omitted pair: (17, 18)): 	[(0, 15, 28),(1, 13, 21),(2, 11, 22),(3, 19, 25),(4, 26, 27),(5, 10, 16),(6, 20, 29),(7, 23, 31),(8, 9, 14),(12, 24, 30)]
Group 393 (omitted pair: (17, 19)): 	[(0, 22, 26),(1, 11, 21),(2, 18, 20),(3, 16, 28),(4, 12, 14),(5, 10, 27),(6, 29, 30),(7, 13, 23),(8, 9, 15),(24, 25, 31)]
Group 394 (omitted pair: (17, 20)): 	[(0, 18, 22),(1, 26, 30),(2, 21, 29),(3, 27, 28),(4, 8, 14),(5, 12, 13),(6, 24, 25),(7, 10, 23),(9, 11, 16),(15, 19, 31)]
Group 395 (omitted pair: (17, 21)): 	[(0, 20, 23),(1, 11, 28),(2, 12, 31),(3, 29, 30),(4, 13, 26),(5, 9, 15),(6, 8, 16),(7, 22, 25),(10, 14, 27),(18, 19, 24)]
Group 396 (omitted pair: (17, 22)): 	[(0, 19, 27),(1, 25, 29),(2, 4, 20),(3, 30, 31),(5, 23, 26),(6, 7, 15),(8, 9, 10),(11, 21, 24),(12, 18, 28),(13, 14, 16)]
Group 397 (omitted pair: (17, 23)): 	[(0, 8, 26),(1, 12, 25),(2, 15, 20),(3, 21, 29),(4, 9, 28),(5, 27, 31),(6, 19, 24),(7, 14, 30),(10, 16, 18),(11, 13, 22)]
Group 398 (omitted pair: (17, 24)): 	[(0, 25, 26),(1, 6, 15),(2, 10, 23),(3, 20, 29),(4, 14, 22),(5, 27, 30),(7, 9, 21),(8, 12, 13),(11, 18, 19),(16, 28, 31)]
Group 399 (omitted pair: (17, 25)): 	[(0, 7, 16),(1, 15, 23),(2, 14, 31),(3, 13, 18),(4, 12, 19),(5, 20, 21),(6, 11, 30),(8, 22, 26),(9, 10, 28),(24, 27, 29)]
Group 400 (omitted pair: (17, 26)): 	[(0, 10, 31),(1, 20, 25),(2, 9, 28),(3, 27, 29),(4, 19, 22),(5, 15, 23),(6, 12, 30),(7, 16, 24),(8, 14, 18),(11, 13, 21)]
Group 401 (omitted pair: (17, 27)): 	[(0, 12, 13),(1, 20, 23),(2, 19, 30),(3, 7, 8),(4, 6, 21),(5, 24, 28),(9, 22, 25),(10, 16, 26),(11, 14, 29),(15, 18, 31)]
Group 402 (omitted pair: (17, 28)): 	[(0, 23, 24),(1, 20, 30),(2, 11, 31),(3, 9, 21),(4, 18, 25),(5, 13, 19),(6, 14, 27),(7, 10, 29),(8, 15, 26),(12, 16, 22)]
Group 403 (omitted pair: (17, 29)): 	[(0, 9, 23),(1, 6, 28),(2, 8, 31),(3, 16, 27),(4, 20, 30),(5, 19, 25),(7, 22, 26),(10, 13, 24),(11, 14, 21),(12, 15, 18)]
Group 404 (omitted pair: (17, 30)): 	[(0, 7, 22),(1, 20, 26),(2, 16, 25),(3, 13, 27),(4, 5, 19),(6, 24, 28),(8, 12, 29),(9, 14, 31),(10, 15, 21),(11, 18, 23)]
Group 405 (omitted pair: (17, 31)): 	[(0, 15, 23),(1, 3, 18),(2, 10, 24),(4, 13, 27),(5, 21, 29),(6, 19, 22),(7, 8, 26),(9, 16, 25),(11, 12, 30),(14, 20, 28)]
Group 406 (omitted pair: (18, 19)): 	[(0, 16, 23),(1, 6, 31),(2, 24, 26),(3, 9, 22),(4, 8, 20),(5, 13, 28),(7, 17, 29),(10, 14, 15),(11, 12, 21),(25, 27, 30)]
Group 407 (omitted pair: (18, 20)): 	[(0, 12, 24),(1, 3, 30),(2, 21, 26),(4, 13, 29),(5, 8, 27),(6, 11, 22),(7, 16, 25),(9, 17, 31),(10, 23, 28),(14, 15, 19)]
Group 408 (omitted pair: (18, 21)): 	[(0, 14, 20),(1, 19, 23),(2, 10, 15),(3, 9, 25),(4, 27, 30),(5, 26, 31),(6, 11, 24),(7, 12, 13),(8, 22, 28),(16, 17, 29)]
Group 409 (omitted pair: (18, 22)): 	[(0, 9, 25),(1, 8, 15),(2, 30, 31),(3, 19, 20),(4, 11, 16),(5, 12, 26),(6, 27, 28),(7, 14, 23),(10, 17, 24),(13, 21, 29)]
Group 410 (omitted pair: (18, 23)): 	[(0, 4, 30),(1, 9, 27),(2, 7, 20),(3, 25, 26),(5, 19, 22),(6, 10, 31),(8, 14, 28),(11, 16, 21),(12, 13, 24),(15, 17, 29)]
Group 411 (omitted pair: (18, 24)): 	[(0, 15, 30),(1, 12, 22),(2, 9, 27),(3, 4, 19),(5, 25, 28),(6, 14, 29),(7, 20, 26),(8, 13, 17),(10, 16, 31),(11, 21, 23)]
Group 412 (omitted pair: (18, 25)): 	[(0, 14, 29),(1, 11, 12),(2, 6, 27),(3, 24, 30),(4, 9, 21),(5, 22, 26),(7, 10, 28),(8, 17, 20),(13, 15, 23),(16, 19, 31)]
Group 413 (omitted pair: (18, 26)): 	[(0, 14, 19),(1, 7, 20),(2, 21, 24),(3, 5, 27),(4, 8, 17),(6, 16, 29),(9, 22, 31),(10, 13, 30),(11, 15, 23),(12, 25, 28)]
Group 414 (omitted pair: (18, 27)): 	[(0, 24, 28),(1, 2, 17),(3, 13, 29),(4, 15, 20),(5, 11, 31),(6, 14, 23),(7, 9, 16),(8, 22, 30),(10, 21, 26),(12, 19, 25)]
Group 415 (omitted pair: (18, 28)): 	[(0, 8, 13),(1, 11, 31),(2, 12, 22),(3, 7, 19),(4, 24, 30),(5, 15, 27),(6, 17, 29),(9, 20, 21),(10, 25, 26),(14, 16, 23)]
Group 416 (omitted pair: (18, 29)): 	[(0, 11, 20),(1, 4, 25),(2, 15, 26),(3, 14, 17),(5, 23, 31),(6, 19, 21),(7, 16, 27),(8, 10, 22),(9, 12, 30),(13, 24, 28)]
Group 417 (omitted pair: (18, 30)): 	[(0, 17, 19),(1, 5, 13),(2, 7, 15),(3, 22, 26),(4, 10, 14),(6, 23, 29),(8, 9, 31),(11, 16, 24),(12, 21, 25),(20, 27, 28)]
Group 418 (omitted pair: (18, 31)): 	[(0, 6, 26),(1, 4, 22),(2, 24, 30),(3, 7, 29),(5, 16, 23),(8, 12, 19),(9, 13, 17),(10, 25, 28),(11, 15, 27),(14, 20, 21)]
Group 419 (omitted pair: (19, 20)): 	[(0, 16, 22),(1, 23, 31),(2, 7, 29),(3, 12, 18),(4, 5, 15),(6, 8, 25),(9, 13, 27),(10, 11, 28),(14, 17, 21),(24, 26, 30)]
Group 420 (omitted pair: (19, 21)): 	[(0, 5, 15),(1, 14, 20),(2, 23, 27),(3, 10, 16),(4, 17, 29),(6, 22, 24),(7, 25, 30),(8, 11, 31),(9, 13, 28),(12, 18, 26)]
Group 421 (omitted pair: (19, 22)): 	[(0, 16, 26),(1, 8, 20),(2, 6, 18),(3, 25, 28),(4, 10, 27),(5, 12, 21),(7, 11, 30),(9, 15, 31),(13, 17, 29),(14, 23, 24)]
Group 422 (omitted pair: (19, 23)): 	[(0, 6, 18),(1, 16, 22),(2, 5, 26),(3, 4, 24),(7, 9, 25),(8, 11, 30),(10, 21, 31),(12, 20, 28),(13, 14, 15),(17, 27, 29)]
Group 423 (omitted pair: (19, 24)): 	[(0, 4, 27),(1, 8, 31),(2, 23, 29),(3, 21, 30),(5, 13, 22),(6, 7, 20),(9, 11, 15),(10, 14, 17),(12, 26, 28),(16, 18, 25)]
Group 424 (omitted pair: (19, 25)): 	[(0, 1, 15),(2, 8, 24),(3, 23, 30),(4, 17, 18),(5, 26, 28),(6, 13, 16),(7, 10, 22),(9, 20, 27),(11, 21, 29),(12, 14, 31)]
Group 425 (omitted pair: (19, 26)): 	[(0, 23, 27),(1, 14, 17),(2, 20, 25),(3, 11, 16),(4, 7, 31),(5, 9, 30),(6, 18, 24),(8, 13, 21),(10, 22, 28),(12, 15, 29)]
Group 426 (omitted pair: (19, 27)): 	[(0, 15, 24),(1, 3, 14),(2, 7, 22),(4, 10, 31),(5, 20, 29),(6, 26, 30),(8, 12, 16),(9, 18, 23),(11, 21, 28),(13, 17, 25)]
Group 427 (omitted pair: (19, 28)): 	[(0, 16, 29),(1, 13, 20),(2, 25, 30),(3, 8, 27),(4, 7, 22),(5, 10, 17),(6, 9, 24),(11, 15, 26),(12, 18, 23),(14, 21, 31)]
Group 428 (omitted pair: (19, 29)): 	[(0, 4, 18),(1, 8, 30),(2, 11, 25),(3, 12, 27),(5, 14, 31),(6, 16, 17),(7, 24, 26),(9, 15, 21),(10, 20, 28),(13, 22, 23)]
Group 429 (omitted pair: (19, 30)): 	[(0, 5, 21),(1, 14, 23),(2, 17, 27),(3, 20, 22),(4, 15, 18),(6, 8, 31),(7, 11, 16),(9, 25, 26),(10, 24, 29),(12, 13, 28)]
Group 430 (omitted pair: (19, 31)): 	[(0, 1, 28),(2, 16, 26),(3, 22, 29),(4, 8, 21),(5, 12, 24),(6, 14, 20),(7, 15, 25),(9, 10, 23),(11, 13, 27),(17, 18, 30)]
Group 431 (omitted pair: (20, 21)): 	[(0, 11, 28),(1, 2, 19),(3, 8, 15),(4, 14, 23),(5, 16, 31),(6, 13, 30),(7, 18, 25),(9, 10, 27),(12, 22, 26),(17, 24, 29)]
Group 432 (omitted pair: (20, 22)): 	[(0, 13, 30),(1, 27, 28),(2, 9, 24),(3, 8, 26),(4, 14, 17),(5, 15, 25),(6, 11, 19),(7, 16, 31),(10, 23, 29),(12, 18, 21)]
Group 433 (omitted pair: (20, 23)): 	[(0, 7, 24),(1, 22, 31),(2, 14, 29),(3, 18, 27),(4, 10, 30),(5, 9, 21),(6, 12, 17),(8, 13, 26),(11, 16, 25),(15, 19, 28)]
Group 434 (omitted pair: (20, 24)): 	[(0, 22, 23),(1, 10, 13),(2, 6, 16),(3, 15, 17),(4, 25, 29),(5, 26, 27),(7, 12, 18),(8, 11, 19),(9, 30, 31),(14, 21, 28)]
Group 435 (omitted pair: (20, 25)): 	[(0, 3, 30),(1, 5, 31),(2, 12, 17),(4, 15, 28),(6, 14, 24),(7, 9, 23),(8, 11, 26),(10, 13, 22),(16, 18, 29),(19, 21, 27)]
Group 436 (omitted pair: (20, 26)): 	[(0, 5, 16),(1, 15, 22),(2, 17, 28),(3, 9, 12),(4, 18, 30),(6, 14, 19),(7, 25, 29),(8, 24, 27),(10, 11, 21),(13, 23, 31)]
Group 437 (omitted pair: (20, 27)): 	[(0, 12, 16),(1, 3, 17),(2, 13, 26),(4, 9, 31),(5, 8, 30),(6, 18, 28),(7, 15, 22),(10, 11, 23),(14, 21, 25),(19, 24, 29)]
Group 438 (omitted pair: (20, 28)): 	[(0, 1, 31),(2, 11, 21),(3, 7, 23),(4, 14, 30),(5, 12, 27),(6, 10, 19),(8, 15, 22),(9, 13, 25),(16, 17, 18),(24, 26, 29)]
Group 439 (omitted pair: (20, 29)): 	[(0, 19, 26),(1, 10, 15),(2, 3, 17),(4, 12, 24),(5, 16, 21),(6, 7, 25),(8, 27, 30),(9, 14, 23),(11, 13, 28),(18, 22, 31)]
Group 440 (omitted pair: (20, 30)): 	[(0, 10, 25),(1, 2, 23),(3, 9, 13),(4, 16, 19),(5, 21, 26),(6, 11, 18),(7, 12, 24),(8, 15, 29),(14, 28, 31),(17, 22, 27)]
Group 441 (omitted pair: (20, 31)): 	[(0, 5, 17),(1, 18, 28),(2, 9, 29),(3, 10, 12),(4, 11, 14),(6, 15, 16),(7, 21, 24),(8, 23, 27),(13, 22, 26),(19, 25, 30)]
Group 442 (omitted pair: (21, 22)): 	[(0, 5, 26),(1, 7, 30),(2, 11, 18),(3, 8, 28),(4, 17, 24),(6, 16, 31),(9, 12, 20),(10, 15, 29),(13, 25, 27),(14, 19, 23)]
Group 443 (omitted pair: (21, 23)): 	[(0, 11, 18),(1, 6, 14),(2, 24, 25),(3, 19, 29),(4, 26, 28),(5, 8, 15),(7, 10, 31),(9, 12, 17),(13, 22, 27),(16, 20, 30)]
Group 444 (omitted pair: (21, 24)): 	[(0, 3, 28),(1, 14, 18),(2, 12, 23),(4, 15, 27),(5, 9, 29),(6, 20, 31),(7, 13, 26),(8, 19, 25),(10, 16, 22),(11, 17, 30)]
Group 445 (omitted pair: (21, 25)): 	[(0, 9, 16),(1, 15, 24),(2, 26, 28),(3, 12, 31),(4, 19, 30),(5, 18, 29),(6, 10, 27),(7, 11, 20),(8, 17, 23),(13, 14, 22)]
Group 446 (omitted pair: (21, 26)): 	[(0, 2, 25),(1, 23, 24),(3, 8, 31),(4, 14, 27),(5, 19, 28),(6, 18, 30),(7, 9, 17),(10, 15, 16),(11, 22, 29),(12, 13, 20)]
Group 447 (omitted pair: (21, 27)): 	[(0, 3, 14),(1, 29, 31),(2, 17, 22),(4, 12, 23),(5, 8, 18),(6, 16, 24),(7, 19, 25),(9, 10, 15),(11, 20, 28),(13, 26, 30)]
Group 448 (omitted pair: (21, 28)): 	[(0, 16, 20),(1, 7, 26),(2, 11, 17),(3, 12, 22),(4, 5, 18),(6, 24, 30),(8, 25, 31),(9, 15, 29),(10, 23, 27),(13, 14, 19)]
Group 449 (omitted pair: (21, 29)): 	[(0, 14, 27),(1, 9, 17),(2, 23, 24),(3, 7, 31),(4, 15, 16),(5, 20, 28),(6, 19, 26),(8, 18, 22),(10, 12, 25),(11, 13, 30)]
Group 450 (omitted pair: (21, 30)): 	[(0, 7, 11),(1, 22, 24),(2, 4, 19),(3, 12, 28),(5, 18, 26),(6, 8, 23),(9, 16, 29),(10, 13, 31),(14, 20, 25),(15, 17, 27)]
Group 451 (omitted pair: (21, 31)): 	[(0, 14, 28),(1, 27, 30),(2, 3, 5),(4, 20, 26),(6, 17, 25),(7, 18, 24),(8, 11, 15),(9, 12, 16),(10, 22, 23),(13, 19, 29)]
Group 452 (omitted pair: (22, 23)): 	[(0, 10, 24),(1, 17, 31),(2, 6, 28),(3, 14, 25),(4, 7, 26),(5, 11, 21),(8, 15, 27),(9, 18, 30),(12, 16, 29),(13, 19, 20)]
Group 453 (omitted pair: (22, 24)): 	[(0, 8, 30),(1, 19, 21),(2, 14, 23),(3, 16, 26),(4, 11, 31),(5, 17, 28),(6, 20, 27),(7, 10, 25),(9, 13, 15),(12, 18, 29)]
Group 454 (omitted pair: (22, 25)): 	[(0, 5, 31),(1, 8, 23),(2, 6, 21),(3, 7, 9),(4, 16, 20),(10, 18, 24),(11, 14, 30),(12, 19, 29),(13, 26, 27),(15, 17, 28)]
Group 455 (omitted pair: (22, 26)): 	[(0, 9, 18),(1, 8, 27),(2, 6, 20),(3, 16, 29),(4, 12, 15),(5, 25, 31),(7, 11, 24),(10, 19, 21),(13, 23, 28),(14, 17, 30)]
Group 456 (omitted pair: (22, 27)): 	[(0, 15, 31),(1, 5, 19),(2, 11, 24),(3, 21, 25),(4, 23, 26),(6, 17, 30),(7, 13, 29),(8, 9, 16),(10, 14, 28),(12, 18, 20)]
Group 457 (omitted pair: (22, 28)): 	[(0, 14, 25),(1, 24, 31),(2, 8, 20),(3, 17, 18),(4, 19, 29),(5, 9, 27),(6, 10, 30),(7, 12, 21),(11, 16, 23),(13, 15, 26)]
Group 458 (omitted pair: (22, 29)): 	[(0, 13, 19),(1, 2, 16),(3, 9, 24),(4, 11, 25),(5, 12, 31),(6, 10, 23),(7, 26, 30),(8, 18, 20),(14, 27, 28),(15, 17, 21)]
Group 459 (omitted pair: (22, 30)): 	[(0, 17, 29),(1, 12, 16),(2, 14, 28),(3, 8, 18),(4, 6, 15),(5, 9, 31),(7, 19, 21),(10, 20, 23),(11, 25, 26),(13, 24, 27)]
Group 460 (omitted pair: (22, 31)): 	[(0, 14, 30),(1, 4, 21),(2, 19, 25),(3, 13, 15),(5, 20, 27),(6, 7, 28),(8, 18, 26),(9, 16, 23),(10, 12, 29),(11, 17, 24)]
Group 461 (omitted pair: (23, 24)): 	[(0, 11, 30),(1, 3, 19),(2, 17, 31),(4, 8, 29),(5, 12, 20),(6, 15, 28),(7, 10, 27),(9, 13, 21),(14, 18, 25),(16, 22, 26)]
Group 462 (omitted pair: (23, 25)): 	[(0, 10, 27),(1, 13, 29),(2, 22, 24),(3, 12, 21),(4, 9, 20),(5, 7, 31),(6, 17, 26),(8, 15, 16),(11, 18, 30),(14, 19, 28)]
Group 463 (omitted pair: (23, 26)): 	[(0, 2, 27),(1, 24, 28),(3, 14, 31),(4, 13, 21),(5, 18, 22),(6, 10, 20),(7, 11, 25),(8, 29, 30),(9, 17, 19),(12, 15, 16)]
Group 464 (omitted pair: (23, 27)): 	[(0, 18, 29),(1, 2, 22),(3, 14, 16),(4, 26, 30),(5, 19, 31),(6, 15, 17),(7, 8, 24),(9, 11, 25),(10, 12, 21),(13, 20, 28)]
Group 465 (omitted pair: (23, 28)): 	[(0, 19, 25),(1, 8, 18),(2, 12, 14),(3, 24, 27),(4, 11, 26),(5, 15, 17),(6, 21, 22),(7, 20, 31),(9, 16, 30),(10, 13, 29)]
Group 466 (omitted pair: (23, 29)): 	[(0, 16, 30),(1, 3, 22),(2, 19, 24),(4, 11, 15),(5, 10, 20),(6, 14, 31),(7, 12, 25),(8, 18, 27),(9, 17, 21),(13, 26, 28)]
Group 467 (omitted pair: (23, 30)): 	[(0, 17, 18),(1, 3, 12),(2, 8, 19),(4, 21, 24),(5, 13, 31),(6, 15, 22),(7, 11, 26),(9, 14, 28),(10, 16, 20),(25, 27, 29)]
Group 468 (omitted pair: (23, 31)): 	[(0, 18, 24),(1, 8, 28),(2, 4, 29),(3, 16, 25),(5, 11, 27),(6, 7, 17),(9, 15, 20),(10, 19, 26),(12, 14, 30),(13, 21, 22)]
Group 469 (omitted pair: (24, 25)): 	[(0, 9, 31),(1, 5, 29),(2, 15, 17),(3, 21, 23),(4, 19, 27),(6, 7, 22),(8, 10, 26),(11, 18, 28),(12, 16, 20),(13, 14, 30)]
Group 470 (omitted pair: (24, 26)): 	[(0, 21, 28),(1, 2, 14),(3, 15, 19),(4, 16, 30),(5, 18, 27),(6, 23, 25),(7, 22, 29),(8, 10, 20),(9, 12, 31),(11, 13, 17)]
Group 471 (omitted pair: (24, 27)): 	[(0, 8, 22),(1, 13, 28),(2, 16, 18),(3, 9, 14),(4, 5, 26),(6, 23, 30),(7, 17, 31),(10, 19, 25),(11, 15, 21),(12, 20, 29)]
Group 472 (omitted pair: (24, 28)): 	[(0, 26, 30),(1, 9, 21),(2, 11, 14),(3, 8, 29),(4, 17, 25),(5, 20, 31),(6, 13, 27),(7, 10, 16),(12, 19, 22),(15, 18, 23)]
Group 473 (omitted pair: (24, 29)): 	[(0, 3, 23),(1, 12, 20),(2, 15, 18),(4, 19, 31),(5, 13, 16),(6, 11, 28),(7, 14, 21),(8, 26, 27),(9, 17, 30),(10, 22, 25)]
Group 474 (omitted pair: (24, 30)): 	[(0, 17, 28),(1, 22, 23),(2, 14, 19),(3, 10, 20),(4, 27, 29),(5, 18, 25),(6, 8, 21),(7, 11, 15),(9, 16, 26),(12, 13, 31)]
Group 475 (omitted pair: (24, 31)): 	[(0, 13, 20),(1, 11, 25),(2, 19, 21),(3, 18, 26),(4, 9, 15),(5, 14, 23),(6, 8, 28),(7, 16, 17),(10, 12, 30),(22, 27, 29)]
Group 476 (omitted pair: (25, 26)): 	[(0, 11, 29),(1, 5, 15),(2, 10, 17),(3, 21, 31),(4, 12, 30),(6, 20, 28),(7, 22, 27),(8, 23, 24),(9, 13, 18),(14, 16, 19)]
Group 477 (omitted pair: (25, 27)): 	[(0, 11, 22),(1, 19, 24),(2, 20, 31),(3, 18, 29),(4, 13, 17),(5, 9, 28),(6, 7, 30),(8, 10, 16),(12, 21, 26),(14, 15, 23)]
Group 478 (omitted pair: (25, 28)): 	[(0, 4, 17),(1, 5, 14),(2, 7, 30),(3, 15, 26),(6, 12, 31),(8, 16, 21),(9, 10, 22),(11, 18, 29),(13, 19, 27),(20, 23, 24)]
Group 479 (omitted pair: (25, 29)): 	[(0, 17, 26),(1, 14, 30),(2, 19, 27),(3, 22, 31),(4, 7, 28),(5, 18, 21),(6, 12, 16),(8, 13, 23),(9, 11, 24),(10, 15, 20)]
Group 480 (omitted pair: (25, 30)): 	[(0, 6, 20),(1, 26, 27),(2, 3, 14),(4, 13, 31),(5, 10, 18),(7, 12, 16),(8, 21, 24),(9, 19, 29),(11, 23, 28),(15, 17, 22)]
Group 481 (omitted pair: (25, 31)): 	[(0, 13, 18),(1, 20, 27),(2, 22, 30),(3, 12, 15),(4, 7, 24),(5, 11, 26),(6, 17, 28),(8, 10, 23),(9, 14, 19),(16, 21, 29)]
Group 482 (omitted pair: (26, 27)): 	[(0, 18, 23),(1, 17, 29),(2, 3, 25),(4, 5, 22),(6, 12, 19),(7, 21, 28),(8, 15, 24),(9, 10, 20),(11, 16, 30),(13, 14, 31)]
Group 483 (omitted pair: (26, 28)): 	[(0, 11, 13),(1, 8, 14),(2, 7, 19),(3, 20, 30),(4, 6, 16),(5, 29, 31),(9, 22, 24),(10, 21, 23),(12, 18, 27),(15, 17, 25)]
Group 484 (omitted pair: (26, 29)): 	[(0, 3, 20),(1, 17, 28),(2, 19, 23),(4, 16, 31),(5, 6, 13),(7, 14, 22),(8, 11, 21),(9, 25, 27),(10, 15, 24),(12, 18, 30)]
Group 485 (omitted pair: (26, 30)): 	[(0, 18, 20),(1, 10, 12),(2, 16, 29),(3, 15, 24),(4, 9, 25),(5, 6, 22),(7, 14, 19),(8, 27, 28),(11, 13, 31),(17, 21, 23)]
Group 486 (omitted pair: (26, 31)): 	[(0, 11, 27),(1, 10, 23),(2, 15, 19),(3, 4, 25),(5, 6, 29),(7, 18, 30),(8, 13, 20),(9, 17, 22),(12, 16, 21),(14, 24, 28)]
Group 487 (omitted pair: (27, 28)): 	[(0, 26, 29),(1, 10, 11),(2, 15, 31),(3, 6, 25),(4, 9, 17),(5, 21, 24),(7, 12, 30),(8, 13, 19),(14, 16, 22),(18, 20, 23)]
Group 488 (omitted pair: (27, 29)): 	[(0, 24, 31),(1, 3, 25),(2, 12, 28),(4, 11, 20),(5, 16, 30),(6, 9, 26),(7, 21, 23),(8, 14, 17),(10, 13, 19),(15, 18, 22)]
Group 489 (omitted pair: (27, 30)): 	[(0, 10, 23),(1, 2, 15),(3, 11, 25),(4, 16, 26),(5, 12, 29),(6, 20, 21),(7, 14, 17),(8, 24, 28),(9, 18, 31),(13, 19, 22)]
Group 490 (omitted pair: (27, 31)): 	[(0, 11, 16),(1, 17, 23),(2, 4, 26),(3, 7, 15),(5, 18, 30),(6, 9, 25),(8, 14, 22),(10, 20, 24),(12, 19, 21),(13, 28, 29)]
Group 491 (omitted pair: (28, 29)): 	[(0, 18, 30),(1, 23, 25),(2, 10, 31),(3, 7, 14),(4, 13, 19),(5, 9, 20),(6, 8, 26),(11, 15, 24),(12, 22, 27),(16, 17, 21)]
Group 492 (omitted pair: (28, 30)): 	[(0, 1, 29),(2, 3, 26),(4, 20, 23),(5, 6, 27),(7, 18, 19),(8, 15, 21),(9, 12, 25),(10, 14, 24),(11, 22, 31),(13, 16, 17)]
Group 493 (omitted pair: (28, 31)): 	[(0, 13, 15),(1, 10, 29),(2, 17, 23),(3, 25, 30),(4, 6, 26),(5, 8, 14),(7, 11, 27),(9, 18, 19),(16, 21, 20),(22, 12, 24)]
Group 494 (omitted pair: (29, 30)): 	[(0, 2, 22),(1, 13, 26),(3, 16, 11),(4, 8, 27),(5, 6, 20),(7, 15, 28),(9, 12, 24),(10, 17, 19),(18, 14, 21),(25, 23, 31)]
Group 495 (omitted pair: (29, 31)): 	[(0, 15, 12),(18, 1, 30),(2, 11, 26),(22, 17, 3),(21, 4, 24),(5, 13, 23),(7, 6, 20),(8, 16, 27),(19, 10, 9),(14, 25, 28)]
Group 496 (omitted pair: (30, 31)): 	[(0, 13, 26),(1, 10, 27),(2, 22, 29),(3, 20, 28),(5, 4, 11),(8, 7, 6),(19, 17, 15),(9, 18, 21),(12, 14, 24),(16, 25, 23)]
